 1.0000  0.3080  0.1900 -0.1230 -0.1560 -0.0560 -0.0200 -0.0290  0.0000  0.0000  0.0000  0.0000  0.0000  0.0000  0.0000  0.0000  0.0000  0.0000  0.0000  0.0000  0.0000  0.0000  0.0000  0.0000  0.0000  0.0000  0.0000  0.0000  0.0000  0.0000  0.0000  0.0000  0.0000 
 0.3080  1.0000  0.8870  0.4320  0.2050  0.2050  0.1960  0.0460  0.0000  0.0000  0.0000  0.0000  0.0000  0.0000  0.0000  0.0000  0.0000  0.0000  0.0000  0.0000  0.0000  0.0000  0.0000  0.0000  0.0000  0.0000  0.0000  0.0000  0.0000  0.0000  0.0000  0.0000  0.0000 
 0.1900  0.8870  1.0000  0.6100  0.3800  0.3990  0.3780  0.1480  0.0320  0.0000  0.0000  0.0000  0.0000  0.0000  0.0000  0.0000  0.0000  0.0000  0.0000  0.0000  0.0000  0.0000  0.0000  0.0000  0.0000  0.0000  0.0000  0.0000  0.0000  0.0000  0.0000  0.0000  0.0000 
-0.1230  0.4320  0.6100  1.0000  0.8870  0.7500  0.6310  0.3540  0.0910  0.0000  0.0000  0.0000  0.0000  0.0000  0.0000  0.0000  0.0000  0.0000  0.0000  0.0000  0.0000  0.0000  0.0000  0.0000  0.0000  0.0000  0.0000  0.0000  0.0000  0.0000  0.0000  0.0000  0.0000 
-0.1560  0.2050  0.3800  0.8870  1.0000  0.8560  0.7130  0.3860  0.0950  0.0000  0.0000  0.0000  0.0000  0.0000  0.0000  0.0000  0.0000  0.0000  0.0000  0.0000  0.0000  0.0000  0.0000  0.0000  0.0000  0.0000  0.0000  0.0000  0.0000  0.0000  0.0000  0.0000  0.0000 
-0.0560  0.2050  0.3990  0.7500  0.8560  1.0000  0.8240  0.4540  0.1410  0.0000  0.0000  0.0000  0.0000  0.0000  0.0000  0.0000  0.0000  0.0000  0.0000  0.0000  0.0000  0.0000  0.0000  0.0000  0.0000  0.0000  0.0000  0.0000  0.0000  0.0000  0.0000  0.0000  0.0000 
-0.0200  0.1960  0.3780  0.6310  0.7130  0.8240  1.0000  0.5970  0.2130  0.0000  0.0000  0.0000  0.0000  0.0000  0.0000  0.0000  0.0000  0.0000  0.0000  0.0000  0.0000  0.0000  0.0000  0.0000  0.0000  0.0000  0.0000  0.0000  0.0000  0.0000  0.0000  0.0000  0.0000 
-0.0290  0.0460  0.1480  0.3540  0.3860  0.4540  0.5970  1.0000  0.4950  0.0000  0.0000  0.0000  0.0000  0.0000  0.0000  0.0000  0.0000  0.0000  0.0000  0.0000  0.0000  0.0000  0.0000  0.0000  0.0000  0.0000  0.0000  0.0000  0.0000  0.0000  0.0000  0.0000  0.0000 
 0.0000  0.0000  0.0320  0.0910  0.0950  0.1410  0.2130  0.4950  1.0000  0.7880  0.4890  0.4720  0.4550  0.4090  0.4330  0.4100  0.4700  0.4090  0.4090  0.4090  0.4100  0.4090  0.4090  0.4090  0.4090  0.4090  0.0000  0.0000  0.0000  0.0000  0.0000  0.0000  0.0000 
 0.0000  0.0000  0.0000  0.0000  0.0000  0.0000  0.0000  0.0000  0.7880  1.0000  0.7180  0.6420  0.6180  0.5550  0.5860  0.5540  0.6420  0.5550  0.5550  0.5550  0.5560  0.5550  0.5550  0.5550  0.5550  0.5550  0.0000  0.0000  0.0000  0.0000  0.0000  0.0000  0.0000 
 0.0000  0.0000  0.0000  0.0000  0.0000  0.0000  0.0000  0.0000  0.4890  0.7180  1.0000  0.7430  0.6630  0.5950  0.6270  0.5950  0.6840  0.5940  0.5940  0.5940  0.5960  0.5950  0.5950  0.5950  0.5950  0.5950  0.0000  0.0000  0.0000  0.0000  0.0000  0.0000  0.0000 
 0.0000  0.0000  0.0000  0.0000  0.0000  0.0000  0.0000  0.0000  0.4720  0.6420  0.7430  1.0000  0.8810  0.5730  0.6070  0.5730  0.6620  0.5740  0.5740  0.5740  0.5740  0.5730  0.5730  0.5730  0.5730  0.5730  0.0000  0.0000  0.0000  0.0000  0.0000  0.0000  0.0000 
 0.0000  0.0000  0.0000  0.0000  0.0000  0.0000  0.0000  0.0000  0.4550  0.6180  0.6630  0.8810  1.0000  0.6970  0.7170  0.5530  0.6360  0.5520  0.5520  0.5520  0.5530  0.5520  0.5520  0.5520  0.5520  0.5520  0.0000  0.0000  0.0000  0.0000  0.0000  0.0000  0.0000 
 0.0000  0.0000  0.0000  0.0000  0.0000  0.0000  0.0000  0.0000  0.4090  0.5550  0.5950  0.5730  0.6970  1.0000  0.9890  0.4980  0.5730  0.4970  0.4970  0.4970  0.4990  0.4960  0.4960  0.4960  0.4960  0.4960  0.0000  0.0000  0.0000  0.0000  0.0000  0.0000  0.0000 
 0.0000  0.0000  0.0000  0.0000  0.0000  0.0000  0.0000  0.0000  0.4330  0.5860  0.6270  0.6070  0.7170  0.9890  1.0000  0.5870  0.6450  0.5240  0.5240  0.5240  0.5260  0.5240  0.5240  0.5240  0.5240  0.5240  0.0000  0.0000  0.0000  0.0000  0.0000  0.0000  0.0000 
 0.0000  0.0000  0.0000  0.0000  0.0000  0.0000  0.0000  0.0000  0.4100  0.5540  0.5950  0.5730  0.5530  0.4980  0.5870  1.0000  0.8940  0.4970  0.4970  0.4970  0.4980  0.4970  0.4970  0.4970  0.4970  0.4970  0.0000  0.0000  0.0000  0.0000  0.0000  0.0000  0.0000 
 0.0000  0.0000  0.0000  0.0000  0.0000  0.0000  0.0000  0.0000  0.4700  0.6420  0.6840  0.6620  0.6360  0.5730  0.6450  0.8940  1.0000  0.8260  0.8260  0.8260  0.5750  0.5740  0.5740  0.5740  0.5740  0.5740  0.0000  0.0000  0.0000  0.0000  0.0000  0.0000  0.0000 
 0.0000  0.0000  0.0000  0.0000  0.0000  0.0000  0.0000  0.0000  0.4090  0.5550  0.5940  0.5740  0.5520  0.4970  0.5240  0.4970  0.8260  1.0000  0.9990  0.9990  0.4990  0.4970  0.4970  0.4970  0.4970  0.4970  0.0000  0.0000  0.0000  0.0000  0.0000  0.0000  0.0000 
 0.0000  0.0000  0.0000  0.0000  0.0000  0.0000  0.0000  0.0000  0.4090  0.5550  0.5940  0.5740  0.5520  0.4970  0.5240  0.4970  0.8260  0.9990  1.0000  0.9990  0.4990  0.4970  0.4970  0.4970  0.4970  0.4970  0.0000  0.0000  0.0000  0.0000  0.0000  0.0000  0.0000 
 0.0000  0.0000  0.0000  0.0000  0.0000  0.0000  0.0000  0.0000  0.4090  0.5550  0.5940  0.5740  0.5520  0.4970  0.5240  0.4970  0.8260  0.9990  0.9990  1.0000  0.4990  0.4970  0.4970  0.4970  0.4970  0.4970  0.0000  0.0000  0.0000  0.0000  0.0000  0.0000  0.0000 
 0.0000  0.0000  0.0000  0.0000  0.0000  0.0000  0.0000  0.0000  0.4100  0.5560  0.5960  0.5740  0.5530  0.4990  0.5260  0.4980  0.5750  0.4990  0.4990  0.4990  1.0000  0.9950  0.9950  0.9950  0.9950  0.9950  0.0000  0.0000  0.0000  0.0000  0.0000  0.0000  0.0000 
 0.0000  0.0000  0.0000  0.0000  0.0000  0.0000  0.0000  0.0000  0.4090  0.5550  0.5950  0.5730  0.5520  0.4960  0.5240  0.4970  0.5740  0.4970  0.4970  0.4970  0.9950  1.0000  0.9990  0.9990  0.9990  0.9990  0.0000  0.0000  0.0000  0.0000  0.0000  0.0000  0.0000 
 0.0000  0.0000  0.0000  0.0000  0.0000  0.0000  0.0000  0.0000  0.4090  0.5550  0.5950  0.5730  0.5520  0.4960  0.5240  0.4970  0.5740  0.4970  0.4970  0.4970  0.9950  0.9990  1.0000  0.9990  0.9990  0.9990  0.0000  0.0000  0.0000  0.0000  0.0000  0.0000  0.0000 
 0.0000  0.0000  0.0000  0.0000  0.0000  0.0000  0.0000  0.0000  0.4090  0.5550  0.5950  0.5730  0.5520  0.4960  0.5240  0.4970  0.5740  0.4970  0.4970  0.4970  0.9950  0.9990  0.9990  1.0000  0.9990  0.9990  0.0000  0.0000  0.0000  0.0000  0.0000  0.0000  0.0000 
 0.0000  0.0000  0.0000  0.0000  0.0000  0.0000  0.0000  0.0000  0.4090  0.5550  0.5950  0.5730  0.5520  0.4960  0.5240  0.4970  0.5740  0.4970  0.4970  0.4970  0.9950  0.9990  0.9990  0.9990  1.0000  0.9990  0.0000  0.0000  0.0000  0.0000  0.0000  0.0000  0.0000 
 0.0000  0.0000  0.0000  0.0000  0.0000  0.0000  0.0000  0.0000  0.4090  0.5550  0.5950  0.5730  0.5520  0.4960  0.5240  0.4970  0.5740  0.4970  0.4970  0.4970  0.9950  0.9990  0.9990  0.9990  0.9990  1.0000  0.0000  0.0000  0.0000  0.0000  0.0000  0.0000  0.0000 
 0.0000  0.0000  0.0000  0.0000  0.0000  0.0000  0.0000  0.0000  0.0000  0.0000  0.0000  0.0000  0.0000  0.0000  0.0000  0.0000  0.0000  0.0000  0.0000  0.0000  0.0000  0.0000  0.0000  0.0000  0.0000  0.0000  1.0000  0.9940  0.9940  0.9940  0.9940  0.9940  0.9940 
 0.0000  0.0000  0.0000  0.0000  0.0000  0.0000  0.0000  0.0000  0.0000  0.0000  0.0000  0.0000  0.0000  0.0000  0.0000  0.0000  0.0000  0.0000  0.0000  0.0000  0.0000  0.0000  0.0000  0.0000  0.0000  0.0000  0.9940  1.0000  0.9990  0.9990  0.9990  0.9990  0.9990 
 0.0000  0.0000  0.0000  0.0000  0.0000  0.0000  0.0000  0.0000  0.0000  0.0000  0.0000  0.0000  0.0000  0.0000  0.0000  0.0000  0.0000  0.0000  0.0000  0.0000  0.0000  0.0000  0.0000  0.0000  0.0000  0.0000  0.9940  0.9990  1.0000  0.9990  0.9990  0.9990  0.9990 
 0.0000  0.0000  0.0000  0.0000  0.0000  0.0000  0.0000  0.0000  0.0000  0.0000  0.0000  0.0000  0.0000  0.0000  0.0000  0.0000  0.0000  0.0000  0.0000  0.0000  0.0000  0.0000  0.0000  0.0000  0.0000  0.0000  0.9940  0.9990  0.9990  1.0000  0.9990  0.9990  0.9990 
 0.0000  0.0000  0.0000  0.0000  0.0000  0.0000  0.0000  0.0000  0.0000  0.0000  0.0000  0.0000  0.0000  0.0000  0.0000  0.0000  0.0000  0.0000  0.0000  0.0000  0.0000  0.0000  0.0000  0.0000  0.0000  0.0000  0.9940  0.9990  0.9990  0.9990  1.0000  0.9990  0.9990 
 0.0000  0.0000  0.0000  0.0000  0.0000  0.0000  0.0000  0.0000  0.0000  0.0000  0.0000  0.0000  0.0000  0.0000  0.0000  0.0000  0.0000  0.0000  0.0000  0.0000  0.0000  0.0000  0.0000  0.0000  0.0000  0.0000  0.9940  0.9990  0.9990  0.9990  0.9990  1.0000  0.9990 
 0.0000  0.0000  0.0000  0.0000  0.0000  0.0000  0.0000  0.0000  0.0000  0.0000  0.0000  0.0000  0.0000  0.0000  0.0000  0.0000  0.0000  0.0000  0.0000  0.0000  0.0000  0.0000  0.0000  0.0000  0.0000  0.0000  0.9940  0.9990  0.9990  0.9990  0.9990  0.9990  1.0000 
