 1.0000  0.9290  0.9500  0.8590  0.9130  0.8430  0.7900  0.6810  0.8480  0.7850  0.6790  0.6790  0.6790  0.6790  0.6790  0.6120  0.0000  0.0000  0.0000  0.0000  0.0000  0.0000  0.0000  0.0000  0.0000  0.0000  0.0000  0.0000  0.0000  0.0000  0.0000  0.0000  0.0000 
 0.9290  1.0000  0.9490  0.8580  0.9110  0.8440  0.7900  0.6790  0.8480  0.7840  0.6790  0.6790  0.6790  0.6790  0.6790  0.6110  0.0000  0.0000  0.0000  0.0000  0.0000  0.0000  0.0000  0.0000  0.0000  0.0000  0.0000  0.0000  0.0000  0.0000  0.0000  0.0000  0.0000 
 0.9500  0.9490  1.0000  0.9000  0.9310  0.8620  0.8070  0.6950  0.8650  0.8020  0.6940  0.6940  0.6940  0.6940  0.6940  0.6240  0.0000  0.0000  0.0000  0.0000  0.0000  0.0000  0.0000  0.0000  0.0000  0.0000  0.0000  0.0000  0.0000  0.0000  0.0000  0.0000  0.0000 
 0.8590  0.8580  0.9000  1.0000  0.8500  0.7810  0.7300  0.6280  0.7820  0.7240  0.6270  0.6270  0.6270  0.6270  0.6270  0.5650  0.0000  0.0000  0.0000  0.0000  0.0000  0.0000  0.0000  0.0000  0.0000  0.0000  0.0000  0.0000  0.0000  0.0000  0.0000  0.0000  0.0000 
 0.9130  0.9110  0.9310  0.8500  1.0000  0.8450  0.7740  0.6680  0.8320  0.7700  0.6680  0.6680  0.6680  0.6680  0.6680  0.6010  0.0000  0.0000  0.0000  0.0000  0.0000  0.0000  0.0000  0.0000  0.0000  0.0000  0.0000  0.0000  0.0000  0.0000  0.0000  0.0000  0.0000 
 0.8430  0.8440  0.8620  0.7810  0.8450  1.0000  0.7240  0.6160  0.7690  0.7130  0.6190  0.6190  0.6190  0.6190  0.6190  0.5550  0.0000  0.0000  0.0000  0.0000  0.0000  0.0000  0.0000  0.0000  0.0000  0.0000  0.0000  0.0000  0.0000  0.0000  0.0000  0.0000  0.0000 
 0.7900  0.7900  0.8070  0.7300  0.7740  0.7240  1.0000  0.5790  0.7210  0.6680  0.5770  0.5770  0.5770  0.5770  0.5770  0.5200  0.0000  0.0000  0.0000  0.0000  0.0000  0.0000  0.0000  0.0000  0.0000  0.0000  0.0000  0.0000  0.0000  0.0000  0.0000  0.0000  0.0000 
 0.6810  0.6790  0.6950  0.6280  0.6680  0.6160  0.5790  1.0000  0.6300  0.5740  0.4970  0.4970  0.4970  0.4970  0.4970  0.4480  0.0000  0.0000  0.0000  0.0000  0.0000  0.0000  0.0000  0.0000  0.0000  0.0000  0.0000  0.0000  0.0000  0.0000  0.0000  0.0000  0.0000 
 0.8480  0.8480  0.8650  0.7820  0.8320  0.7690  0.7210  0.6300  1.0000  0.7630  0.6190  0.6190  0.6190  0.6190  0.6190  0.5580  0.0000  0.0000  0.0000  0.0000  0.0000  0.0000  0.0000  0.0000  0.0000  0.0000  0.0000  0.0000  0.0000  0.0000  0.0000  0.0000  0.0000 
 0.7850  0.7840  0.8020  0.7240  0.7700  0.7130  0.6680  0.5740  0.7630  1.0000  0.8850  0.8850  0.8850  0.8850  0.8850  0.7970  0.0000  0.0000  0.0000  0.0000  0.0000  0.0000  0.0000  0.0000  0.0000  0.0000  0.0000  0.0000  0.0000  0.0000  0.0000  0.0000  0.0000 
 0.6790  0.6790  0.6940  0.6270  0.6680  0.6190  0.5770  0.4970  0.6190  0.8850  1.0000  0.9990  0.9990  0.9990  0.9990  0.8960  0.0000  0.0000  0.0000  0.0000  0.0000  0.0000  0.0000  0.0000  0.0000  0.0000  0.0000  0.0000  0.0000  0.0000  0.0000  0.0000  0.0000 
 0.6790  0.6790  0.6940  0.6270  0.6680  0.6190  0.5770  0.4970  0.6190  0.8850  0.9990  1.0000  0.9990  0.9990  0.9990  0.8960  0.0000  0.0000  0.0000  0.0000  0.0000  0.0000  0.0000  0.0000  0.0000  0.0000  0.0000  0.0000  0.0000  0.0000  0.0000  0.0000  0.0000 
 0.6790  0.6790  0.6940  0.6270  0.6680  0.6190  0.5770  0.4970  0.6190  0.8850  0.9990  0.9990  1.0000  0.9990  0.9990  0.8960  0.0000  0.0000  0.0000  0.0000  0.0000  0.0000  0.0000  0.0000  0.0000  0.0000  0.0000  0.0000  0.0000  0.0000  0.0000  0.0000  0.0000 
 0.6790  0.6790  0.6940  0.6270  0.6680  0.6190  0.5770  0.4970  0.6190  0.8850  0.9990  0.9990  0.9990  1.0000  0.9990  0.8960  0.0000  0.0000  0.0000  0.0000  0.0000  0.0000  0.0000  0.0000  0.0000  0.0000  0.0000  0.0000  0.0000  0.0000  0.0000  0.0000  0.0000 
 0.6790  0.6790  0.6940  0.6270  0.6680  0.6190  0.5770  0.4970  0.6190  0.8850  0.9990  0.9990  0.9990  0.9990  1.0000  0.8960  0.0000  0.0000  0.0000  0.0000  0.0000  0.0000  0.0000  0.0000  0.0000  0.0000  0.0000  0.0000  0.0000  0.0000  0.0000  0.0000  0.0000 
 0.6120  0.6110  0.6240  0.5650  0.6010  0.5550  0.5200  0.4480  0.5580  0.7970  0.8960  0.8960  0.8960  0.8960  0.8960  1.0000  0.3130  0.2410  0.2410  0.2660  0.2400  0.2400  0.2400  0.2400  0.2400  0.2400  0.2400  0.0440  0.0000  0.0000  0.0000  0.0000  0.0000 
 0.0000  0.0000  0.0000  0.0000  0.0000  0.0000  0.0000  0.0000  0.0000  0.0000  0.0000  0.0000  0.0000  0.0000  0.0000  0.3130  1.0000  0.9700  0.9700  0.7130  0.5490  0.5490  0.5490  0.5490  0.5490  0.5490  0.5490  0.1040  0.0000  0.0000  0.0000  0.0000  0.0000 
 0.0000  0.0000  0.0000  0.0000  0.0000  0.0000  0.0000  0.0000  0.0000  0.0000  0.0000  0.0000  0.0000  0.0000  0.0000  0.2410  0.9700  1.0000  0.9990  0.6750  0.4980  0.4980  0.4980  0.4980  0.4980  0.4980  0.4980  0.0930  0.0000  0.0000  0.0000  0.0000  0.0000 
 0.0000  0.0000  0.0000  0.0000  0.0000  0.0000  0.0000  0.0000  0.0000  0.0000  0.0000  0.0000  0.0000  0.0000  0.0000  0.2410  0.9700  0.9990  1.0000  0.6750  0.4980  0.4980  0.4980  0.4980  0.4980  0.4980  0.4980  0.0930  0.0000  0.0000  0.0000  0.0000  0.0000 
 0.0000  0.0000  0.0000  0.0000  0.0000  0.0000  0.0000  0.0000  0.0000  0.0000  0.0000  0.0000  0.0000  0.0000  0.0000  0.2660  0.7130  0.6750  0.6750  1.0000  0.9720  0.9720  0.9720  0.9720  0.9720  0.9720  0.9720  0.1830  0.0000  0.0000  0.0000  0.0000  0.0000 
 0.0000  0.0000  0.0000  0.0000  0.0000  0.0000  0.0000  0.0000  0.0000  0.0000  0.0000  0.0000  0.0000  0.0000  0.0000  0.2400  0.5490  0.4980  0.4980  0.9720  1.0000  0.9990  0.9990  0.9990  0.9990  0.9990  0.9990  0.1890  0.0000  0.0000  0.0000  0.0000  0.0000 
 0.0000  0.0000  0.0000  0.0000  0.0000  0.0000  0.0000  0.0000  0.0000  0.0000  0.0000  0.0000  0.0000  0.0000  0.0000  0.2400  0.5490  0.4980  0.4980  0.9720  0.9990  1.0000  0.9990  0.9990  0.9990  0.9990  0.9990  0.1890  0.0000  0.0000  0.0000  0.0000  0.0000 
 0.0000  0.0000  0.0000  0.0000  0.0000  0.0000  0.0000  0.0000  0.0000  0.0000  0.0000  0.0000  0.0000  0.0000  0.0000  0.2400  0.5490  0.4980  0.4980  0.9720  0.9990  0.9990  1.0000  0.9990  0.9990  0.9990  0.9990  0.1890  0.0000  0.0000  0.0000  0.0000  0.0000 
 0.0000  0.0000  0.0000  0.0000  0.0000  0.0000  0.0000  0.0000  0.0000  0.0000  0.0000  0.0000  0.0000  0.0000  0.0000  0.2400  0.5490  0.4980  0.4980  0.9720  0.9990  0.9990  0.9990  1.0000  0.9990  0.9990  0.9990  0.1890  0.0000  0.0000  0.0000  0.0000  0.0000 
 0.0000  0.0000  0.0000  0.0000  0.0000  0.0000  0.0000  0.0000  0.0000  0.0000  0.0000  0.0000  0.0000  0.0000  0.0000  0.2400  0.5490  0.4980  0.4980  0.9720  0.9990  0.9990  0.9990  0.9990  1.0000  0.9990  0.9990  0.1890  0.0000  0.0000  0.0000  0.0000  0.0000 
 0.0000  0.0000  0.0000  0.0000  0.0000  0.0000  0.0000  0.0000  0.0000  0.0000  0.0000  0.0000  0.0000  0.0000  0.0000  0.2400  0.5490  0.4980  0.4980  0.9720  0.9990  0.9990  0.9990  0.9990  0.9990  1.0000  0.9990  0.1890  0.0000  0.0000  0.0000  0.0000  0.0000 
 0.0000  0.0000  0.0000  0.0000  0.0000  0.0000  0.0000  0.0000  0.0000  0.0000  0.0000  0.0000  0.0000  0.0000  0.0000  0.2400  0.5490  0.4980  0.4980  0.9720  0.9990  0.9990  0.9990  0.9990  0.9990  0.9990  1.0000  0.1890  0.0000  0.0000  0.0000  0.0000  0.0000 
 0.0000  0.0000  0.0000  0.0000  0.0000  0.0000  0.0000  0.0000  0.0000  0.0000  0.0000  0.0000  0.0000  0.0000  0.0000  0.0440  0.1040  0.0930  0.0930  0.1830  0.1890  0.1890  0.1890  0.1890  0.1890  0.1890  0.1890  1.0000  0.9770  0.9770  0.9770  0.9770  0.9770 
 0.0000  0.0000  0.0000  0.0000  0.0000  0.0000  0.0000  0.0000  0.0000  0.0000  0.0000  0.0000  0.0000  0.0000  0.0000  0.0000  0.0000  0.0000  0.0000  0.0000  0.0000  0.0000  0.0000  0.0000  0.0000  0.0000  0.0000  0.9770  1.0000  0.9990  0.9990  0.9990  0.9990 
 0.0000  0.0000  0.0000  0.0000  0.0000  0.0000  0.0000  0.0000  0.0000  0.0000  0.0000  0.0000  0.0000  0.0000  0.0000  0.0000  0.0000  0.0000  0.0000  0.0000  0.0000  0.0000  0.0000  0.0000  0.0000  0.0000  0.0000  0.9770  0.9990  1.0000  0.9990  0.9990  0.9990 
 0.0000  0.0000  0.0000  0.0000  0.0000  0.0000  0.0000  0.0000  0.0000  0.0000  0.0000  0.0000  0.0000  0.0000  0.0000  0.0000  0.0000  0.0000  0.0000  0.0000  0.0000  0.0000  0.0000  0.0000  0.0000  0.0000  0.0000  0.9770  0.9990  0.9990  1.0000  0.9990  0.9990 
 0.0000  0.0000  0.0000  0.0000  0.0000  0.0000  0.0000  0.0000  0.0000  0.0000  0.0000  0.0000  0.0000  0.0000  0.0000  0.0000  0.0000  0.0000  0.0000  0.0000  0.0000  0.0000  0.0000  0.0000  0.0000  0.0000  0.0000  0.9770  0.9990  0.9990  0.9990  1.0000  0.9990 
 0.0000  0.0000  0.0000  0.0000  0.0000  0.0000  0.0000  0.0000  0.0000  0.0000  0.0000  0.0000  0.0000  0.0000  0.0000  0.0000  0.0000  0.0000  0.0000  0.0000  0.0000  0.0000  0.0000  0.0000  0.0000  0.0000  0.0000  0.9770  0.9990  0.9990  0.9990  0.9990  1.0000 
