 1.0000  0.5720  0.4290  0.4260  0.4280  0.4290  0.4290  0.3230  0.0000  0.0000  0.0000  0.0000  0.0000  0.0000  0.0000  0.0000  0.0000  0.0000  0.0000  0.0000  0.0000  0.0000  0.0000  0.0000  0.0000  0.0000  0.0000  0.0000  0.0000  0.0000  0.0000  0.0000  0.0000 
 0.5720  1.0000  0.9680  0.9180  0.9110  0.9050  0.8980  0.6730  0.0000  0.0000  0.0000  0.0000  0.0000  0.0000  0.0000  0.0000  0.0000  0.0000  0.0000  0.0000  0.0000  0.0000  0.0000  0.0000  0.0000  0.0000  0.0000  0.0000  0.0000  0.0000  0.0000  0.0000  0.0000 
 0.4290  0.9680  1.0000  0.9800  0.9750  0.9680  0.9620  0.7210  0.0000  0.0000  0.0000  0.0000  0.0000  0.0000  0.0000  0.0000  0.0000  0.0000  0.0000  0.0000  0.0000  0.0000  0.0000  0.0000  0.0000  0.0000  0.0000  0.0000  0.0000  0.0000  0.0000  0.0000  0.0000 
 0.4260  0.9180  0.9800  1.0000  0.9950  0.9880  0.9810  0.7350  0.0000  0.0000  0.0000  0.0000  0.0000  0.0000  0.0000  0.0000  0.0000  0.0000  0.0000  0.0000  0.0000  0.0000  0.0000  0.0000  0.0000  0.0000  0.0000  0.0000  0.0000  0.0000  0.0000  0.0000  0.0000 
 0.4280  0.9110  0.9750  0.9950  1.0000  0.9980  0.9950  0.7480  0.0000  0.0000  0.0000  0.0000  0.0000  0.0000  0.0000  0.0000  0.0000  0.0000  0.0000  0.0000  0.0000  0.0000  0.0000  0.0000  0.0000  0.0000  0.0000  0.0000  0.0000  0.0000  0.0000  0.0000  0.0000 
 0.4290  0.9050  0.9680  0.9880  0.9980  1.0000  0.9990  0.7530  0.0000  0.0000  0.0000  0.0000  0.0000  0.0000  0.0000  0.0000  0.0000  0.0000  0.0000  0.0000  0.0000  0.0000  0.0000  0.0000  0.0000  0.0000  0.0000  0.0000  0.0000  0.0000  0.0000  0.0000  0.0000 
 0.4290  0.8980  0.9620  0.9810  0.9950  0.9990  1.0000  0.7540  0.0000  0.0000  0.0000  0.0000  0.0000  0.0000  0.0000  0.0000  0.0000  0.0000  0.0000  0.0000  0.0000  0.0000  0.0000  0.0000  0.0000  0.0000  0.0000  0.0000  0.0000  0.0000  0.0000  0.0000  0.0000 
 0.3230  0.6730  0.7210  0.7350  0.7480  0.7530  0.7540  1.0000  0.6560  0.6560  0.6560  0.6560  0.6560  0.6560  0.4270  0.3360  0.3280  0.3280  0.3280  0.3280  0.3360  0.1400  0.1400  0.1380  0.0000  0.0000  0.0000  0.0000  0.0000  0.0000  0.0000  0.0000  0.0000 
 0.0000  0.0000  0.0000  0.0000  0.0000  0.0000  0.0000  0.6560  1.0000  1.0000  1.0000  1.0000  1.0000  1.0000  0.6510  0.5120  0.5000  0.5000  0.5000  0.5000  0.5120  0.2140  0.2140  0.2100  0.0000  0.0000  0.0000  0.0000  0.0000  0.0000  0.0000  0.0000  0.0000 
 0.0000  0.0000  0.0000  0.0000  0.0000  0.0000  0.0000  0.6560  1.0000  1.0000  1.0000  1.0000  1.0000  1.0000  0.6510  0.5120  0.5000  0.5000  0.5000  0.5000  0.5120  0.2140  0.2140  0.2100  0.0000  0.0000  0.0000  0.0000  0.0000  0.0000  0.0000  0.0000  0.0000 
 0.0000  0.0000  0.0000  0.0000  0.0000  0.0000  0.0000  0.6560  1.0000  1.0000  1.0000  1.0000  1.0000  1.0000  0.6510  0.5120  0.5000  0.5000  0.5000  0.5000  0.5120  0.2140  0.2140  0.2100  0.0000  0.0000  0.0000  0.0000  0.0000  0.0000  0.0000  0.0000  0.0000 
 0.0000  0.0000  0.0000  0.0000  0.0000  0.0000  0.0000  0.6560  1.0000  1.0000  1.0000  1.0000  1.0000  1.0000  0.6510  0.5120  0.5000  0.5000  0.5000  0.5000  0.5120  0.2140  0.2140  0.2100  0.0000  0.0000  0.0000  0.0000  0.0000  0.0000  0.0000  0.0000  0.0000 
 0.0000  0.0000  0.0000  0.0000  0.0000  0.0000  0.0000  0.6560  1.0000  1.0000  1.0000  1.0000  1.0000  1.0000  0.6510  0.5120  0.5000  0.5000  0.5000  0.5000  0.5120  0.2140  0.2140  0.2100  0.0000  0.0000  0.0000  0.0000  0.0000  0.0000  0.0000  0.0000  0.0000 
 0.0000  0.0000  0.0000  0.0000  0.0000  0.0000  0.0000  0.6560  1.0000  1.0000  1.0000  1.0000  1.0000  1.0000  0.6510  0.5120  0.5000  0.5000  0.5000  0.5000  0.5120  0.2140  0.2140  0.2100  0.0000  0.0000  0.0000  0.0000  0.0000  0.0000  0.0000  0.0000  0.0000 
 0.0000  0.0000  0.0000  0.0000  0.0000  0.0000  0.0000  0.4270  0.6510  0.6510  0.6510  0.6510  0.6510  0.6510  1.0000  0.9850  0.5450  0.5450  0.5450  0.5450  0.5570  0.2330  0.2330  0.2290  0.0000  0.0000  0.0000  0.0000  0.0000  0.0000  0.0000  0.0000  0.0000 
 0.0000  0.0000  0.0000  0.0000  0.0000  0.0000  0.0000  0.3360  0.5120  0.5120  0.5120  0.5120  0.5120  0.5120  0.9850  1.0000  0.5370  0.5370  0.5370  0.5370  0.5470  0.2190  0.2190  0.2150  0.0000  0.0000  0.0000  0.0000  0.0000  0.0000  0.0000  0.0000  0.0000 
 0.0000  0.0000  0.0000  0.0000  0.0000  0.0000  0.0000  0.3280  0.5000  0.5000  0.5000  0.5000  0.5000  0.5000  0.5450  0.5370  1.0000  1.0000  1.0000  1.0000  0.9780  0.2140  0.2140  0.2100  0.0000  0.0000  0.0000  0.0000  0.0000  0.0000  0.0000  0.0000  0.0000 
 0.0000  0.0000  0.0000  0.0000  0.0000  0.0000  0.0000  0.3280  0.5000  0.5000  0.5000  0.5000  0.5000  0.5000  0.5450  0.5370  1.0000  1.0000  1.0000  1.0000  0.9780  0.2140  0.2140  0.2100  0.0000  0.0000  0.0000  0.0000  0.0000  0.0000  0.0000  0.0000  0.0000 
 0.0000  0.0000  0.0000  0.0000  0.0000  0.0000  0.0000  0.3280  0.5000  0.5000  0.5000  0.5000  0.5000  0.5000  0.5450  0.5370  1.0000  1.0000  1.0000  1.0000  0.9780  0.2140  0.2140  0.2100  0.0000  0.0000  0.0000  0.0000  0.0000  0.0000  0.0000  0.0000  0.0000 
 0.0000  0.0000  0.0000  0.0000  0.0000  0.0000  0.0000  0.3280  0.5000  0.5000  0.5000  0.5000  0.5000  0.5000  0.5450  0.5370  1.0000  1.0000  1.0000  1.0000  0.9780  0.2140  0.2140  0.2100  0.0000  0.0000  0.0000  0.0000  0.0000  0.0000  0.0000  0.0000  0.0000 
 0.0000  0.0000  0.0000  0.0000  0.0000  0.0000  0.0000  0.3360  0.5120  0.5120  0.5120  0.5120  0.5120  0.5120  0.5570  0.5470  0.9780  0.9780  0.9780  0.9780  1.0000  0.4130  0.4130  0.4050  0.0000  0.0000  0.0000  0.0000  0.0000  0.0000  0.0000  0.0000  0.0000 
 0.0000  0.0000  0.0000  0.0000  0.0000  0.0000  0.0000  0.1400  0.2140  0.2140  0.2140  0.2140  0.2140  0.2140  0.2330  0.2190  0.2140  0.2140  0.2140  0.2140  0.4130  1.0000  1.0000  0.9820  0.0000  0.0000  0.0000  0.0000  0.0000  0.0000  0.0000  0.0000  0.0000 
 0.0000  0.0000  0.0000  0.0000  0.0000  0.0000  0.0000  0.1400  0.2140  0.2140  0.2140  0.2140  0.2140  0.2140  0.2330  0.2190  0.2140  0.2140  0.2140  0.2140  0.4130  1.0000  1.0000  0.9820  0.0000  0.0000  0.0000  0.0000  0.0000  0.0000  0.0000  0.0000  0.0000 
 0.0000  0.0000  0.0000  0.0000  0.0000  0.0000  0.0000  0.1380  0.2100  0.2100  0.2100  0.2100  0.2100  0.2100  0.2290  0.2150  0.2100  0.2100  0.2100  0.2100  0.4050  0.9820  0.9820  1.0000  0.1900  0.1900  0.1900  0.1900  0.1900  0.1900  0.1900  0.1900  0.1900 
 0.0000  0.0000  0.0000  0.0000  0.0000  0.0000  0.0000  0.0000  0.0000  0.0000  0.0000  0.0000  0.0000  0.0000  0.0000  0.0000  0.0000  0.0000  0.0000  0.0000  0.0000  0.0000  0.0000  0.1900  1.0000  1.0000  1.0000  1.0000  1.0000  1.0000  1.0000  1.0000  1.0000 
 0.0000  0.0000  0.0000  0.0000  0.0000  0.0000  0.0000  0.0000  0.0000  0.0000  0.0000  0.0000  0.0000  0.0000  0.0000  0.0000  0.0000  0.0000  0.0000  0.0000  0.0000  0.0000  0.0000  0.1900  1.0000  1.0000  1.0000  1.0000  1.0000  1.0000  1.0000  1.0000  1.0000 
 0.0000  0.0000  0.0000  0.0000  0.0000  0.0000  0.0000  0.0000  0.0000  0.0000  0.0000  0.0000  0.0000  0.0000  0.0000  0.0000  0.0000  0.0000  0.0000  0.0000  0.0000  0.0000  0.0000  0.1900  1.0000  1.0000  1.0000  1.0000  1.0000  1.0000  1.0000  1.0000  1.0000 
 0.0000  0.0000  0.0000  0.0000  0.0000  0.0000  0.0000  0.0000  0.0000  0.0000  0.0000  0.0000  0.0000  0.0000  0.0000  0.0000  0.0000  0.0000  0.0000  0.0000  0.0000  0.0000  0.0000  0.1900  1.0000  1.0000  1.0000  1.0000  1.0000  1.0000  1.0000  1.0000  1.0000 
 0.0000  0.0000  0.0000  0.0000  0.0000  0.0000  0.0000  0.0000  0.0000  0.0000  0.0000  0.0000  0.0000  0.0000  0.0000  0.0000  0.0000  0.0000  0.0000  0.0000  0.0000  0.0000  0.0000  0.1900  1.0000  1.0000  1.0000  1.0000  1.0000  1.0000  1.0000  1.0000  1.0000 
 0.0000  0.0000  0.0000  0.0000  0.0000  0.0000  0.0000  0.0000  0.0000  0.0000  0.0000  0.0000  0.0000  0.0000  0.0000  0.0000  0.0000  0.0000  0.0000  0.0000  0.0000  0.0000  0.0000  0.1900  1.0000  1.0000  1.0000  1.0000  1.0000  1.0000  1.0000  1.0000  1.0000 
 0.0000  0.0000  0.0000  0.0000  0.0000  0.0000  0.0000  0.0000  0.0000  0.0000  0.0000  0.0000  0.0000  0.0000  0.0000  0.0000  0.0000  0.0000  0.0000  0.0000  0.0000  0.0000  0.0000  0.1900  1.0000  1.0000  1.0000  1.0000  1.0000  1.0000  1.0000  1.0000  1.0000 
 0.0000  0.0000  0.0000  0.0000  0.0000  0.0000  0.0000  0.0000  0.0000  0.0000  0.0000  0.0000  0.0000  0.0000  0.0000  0.0000  0.0000  0.0000  0.0000  0.0000  0.0000  0.0000  0.0000  0.1900  1.0000  1.0000  1.0000  1.0000  1.0000  1.0000  1.0000  1.0000  1.0000 
 0.0000  0.0000  0.0000  0.0000  0.0000  0.0000  0.0000  0.0000  0.0000  0.0000  0.0000  0.0000  0.0000  0.0000  0.0000  0.0000  0.0000  0.0000  0.0000  0.0000  0.0000  0.0000  0.0000  0.1900  1.0000  1.0000  1.0000  1.0000  1.0000  1.0000  1.0000  1.0000  1.0000 
