 1.0000  0.9670  0.9890  0.9780  0.9530  0.9380  0.9010  0.8840  0.8570  0.8440  0.8420  0.8420  0.8320  0.8160  0.7980  0.7980  0.7980  0.7920  0.0000  0.0000  0.0000  0.0000  0.0000  0.0000  0.0000  0.0000  0.0000  0.0000  0.0000  0.0000  0.0000  0.0000  0.0000 
 0.9670  1.0000  0.9860  0.9100  0.8610  0.8720  0.8720  0.8690  0.8380  0.8120  0.8190  0.8310  0.8480  0.8490  0.8430  0.8430  0.8430  0.8370  0.0000  0.0000  0.0000  0.0000  0.0000  0.0000  0.0000  0.0000  0.0000  0.0000  0.0000  0.0000  0.0000  0.0000  0.0000 
 0.9890  0.9860  1.0000  0.9560  0.9130  0.9050  0.8780  0.8690  0.8390  0.8210  0.8270  0.8340  0.8400  0.8370  0.8280  0.8280  0.8280  0.8200  0.0000  0.0000  0.0000  0.0000  0.0000  0.0000  0.0000  0.0000  0.0000  0.0000  0.0000  0.0000  0.0000  0.0000  0.0000 
 0.9780  0.9100  0.9560  1.0000  0.9840  0.9530  0.8900  0.8610  0.8420  0.8330  0.8350  0.8250  0.8010  0.7810  0.7570  0.7570  0.7570  0.7500  0.0000  0.0000  0.0000  0.0000  0.0000  0.0000  0.0000  0.0000  0.0000  0.0000  0.0000  0.0000  0.0000  0.0000  0.0000 
 0.9530  0.8610  0.9130  0.9840  1.0000  0.9760  0.9160  0.8850  0.8710  0.8700  0.8640  0.8490  0.8140  0.7820  0.7540  0.7540  0.7540  0.7470  0.0000  0.0000  0.0000  0.0000  0.0000  0.0000  0.0000  0.0000  0.0000  0.0000  0.0000  0.0000  0.0000  0.0000  0.0000 
 0.9380  0.8720  0.9050  0.9530  0.9760  1.0000  0.9770  0.9560  0.9480  0.9410  0.9340  0.9200  0.8890  0.8650  0.8360  0.8360  0.8360  0.8300  0.0000  0.0000  0.0000  0.0000  0.0000  0.0000  0.0000  0.0000  0.0000  0.0000  0.0000  0.0000  0.0000  0.0000  0.0000 
 0.9010  0.8720  0.8780  0.8900  0.9160  0.9770  1.0000  0.9920  0.9870  0.9760  0.9660  0.9560  0.9370  0.9180  0.8940  0.8940  0.8940  0.8880  0.0000  0.0000  0.0000  0.0000  0.0000  0.0000  0.0000  0.0000  0.0000  0.0000  0.0000  0.0000  0.0000  0.0000  0.0000 
 0.8840  0.8690  0.8690  0.8610  0.8850  0.9560  0.9920  1.0000  0.9940  0.9810  0.9720  0.9630  0.9500  0.9340  0.9130  0.9130  0.9130  0.9040  0.0000  0.0000  0.0000  0.0000  0.0000  0.0000  0.0000  0.0000  0.0000  0.0000  0.0000  0.0000  0.0000  0.0000  0.0000 
 0.8570  0.8380  0.8390  0.8420  0.8710  0.9480  0.9870  0.9940  1.0000  0.9910  0.9850  0.9730  0.9540  0.9350  0.9110  0.9110  0.9110  0.9030  0.0000  0.0000  0.0000  0.0000  0.0000  0.0000  0.0000  0.0000  0.0000  0.0000  0.0000  0.0000  0.0000  0.0000  0.0000 
 0.8440  0.8120  0.8210  0.8330  0.8700  0.9410  0.9760  0.9810  0.9910  1.0000  0.9930  0.9850  0.9600  0.9340  0.9070  0.9070  0.9070  0.9000  0.0000  0.0000  0.0000  0.0000  0.0000  0.0000  0.0000  0.0000  0.0000  0.0000  0.0000  0.0000  0.0000  0.0000  0.0000 
 0.8420  0.8190  0.8270  0.8350  0.8640  0.9340  0.9660  0.9720  0.9850  0.9930  1.0000  0.9930  0.9710  0.9510  0.9260  0.9260  0.9260  0.9180  0.0000  0.0000  0.0000  0.0000  0.0000  0.0000  0.0000  0.0000  0.0000  0.0000  0.0000  0.0000  0.0000  0.0000  0.0000 
 0.8420  0.8310  0.8340  0.8250  0.8490  0.9200  0.9560  0.9630  0.9730  0.9850  0.9930  1.0000  0.9840  0.9690  0.9480  0.9480  0.9480  0.9430  0.0000  0.0000  0.0000  0.0000  0.0000  0.0000  0.0000  0.0000  0.0000  0.0000  0.0000  0.0000  0.0000  0.0000  0.0000 
 0.8320  0.8480  0.8400  0.8010  0.8140  0.8890  0.9370  0.9500  0.9540  0.9600  0.9710  0.9840  1.0000  0.9920  0.9820  0.9820  0.9820  0.9740  0.0000  0.0000  0.0000  0.0000  0.0000  0.0000  0.0000  0.0000  0.0000  0.0000  0.0000  0.0000  0.0000  0.0000  0.0000 
 0.8160  0.8490  0.8370  0.7810  0.7820  0.8650  0.9180  0.9340  0.9350  0.9340  0.9510  0.9690  0.9920  1.0000  0.9940  0.9940  0.9940  0.9870  0.0000  0.0000  0.0000  0.0000  0.0000  0.0000  0.0000  0.0000  0.0000  0.0000  0.0000  0.0000  0.0000  0.0000  0.0000 
 0.7980  0.8430  0.8280  0.7570  0.7540  0.8360  0.8940  0.9130  0.9110  0.9070  0.9260  0.9480  0.9820  0.9940  1.0000  0.9990  0.9990  0.9890  0.0000  0.0000  0.0000  0.0000  0.0000  0.0000  0.0000  0.0000  0.0000  0.0000  0.0000  0.0000  0.0000  0.0000  0.0000 
 0.7980  0.8430  0.8280  0.7570  0.7540  0.8360  0.8940  0.9130  0.9110  0.9070  0.9260  0.9480  0.9820  0.9940  0.9990  1.0000  0.9990  0.9890  0.0000  0.0000  0.0000  0.0000  0.0000  0.0000  0.0000  0.0000  0.0000  0.0000  0.0000  0.0000  0.0000  0.0000  0.0000 
 0.7980  0.8430  0.8280  0.7570  0.7540  0.8360  0.8940  0.9130  0.9110  0.9070  0.9260  0.9480  0.9820  0.9940  0.9990  0.9990  1.0000  0.9890  0.0000  0.0000  0.0000  0.0000  0.0000  0.0000  0.0000  0.0000  0.0000  0.0000  0.0000  0.0000  0.0000  0.0000  0.0000 
 0.7920  0.8370  0.8200  0.7500  0.7470  0.8300  0.8880  0.9040  0.9030  0.9000  0.9180  0.9430  0.9740  0.9870  0.9890  0.9890  0.9890  1.0000  0.1250  0.1250  0.1250  0.1250  0.1250  0.1250  0.1250  0.1250  0.1250  0.1250  0.1250  0.1250  0.1250  0.0180  0.0000 
 0.0000  0.0000  0.0000  0.0000  0.0000  0.0000  0.0000  0.0000  0.0000  0.0000  0.0000  0.0000  0.0000  0.0000  0.0000  0.0000  0.0000  0.1250  1.0000  0.9990  0.9990  0.9990  0.9990  0.9990  0.9990  0.9990  0.9990  0.9990  0.9990  0.9990  0.9990  0.1470  0.0000 
 0.0000  0.0000  0.0000  0.0000  0.0000  0.0000  0.0000  0.0000  0.0000  0.0000  0.0000  0.0000  0.0000  0.0000  0.0000  0.0000  0.0000  0.1250  0.9990  1.0000  0.9990  0.9990  0.9990  0.9990  0.9990  0.9990  0.9990  0.9990  0.9990  0.9990  0.9990  0.1470  0.0000 
 0.0000  0.0000  0.0000  0.0000  0.0000  0.0000  0.0000  0.0000  0.0000  0.0000  0.0000  0.0000  0.0000  0.0000  0.0000  0.0000  0.0000  0.1250  0.9990  0.9990  1.0000  0.9990  0.9990  0.9990  0.9990  0.9990  0.9990  0.9990  0.9990  0.9990  0.9990  0.1470  0.0000 
 0.0000  0.0000  0.0000  0.0000  0.0000  0.0000  0.0000  0.0000  0.0000  0.0000  0.0000  0.0000  0.0000  0.0000  0.0000  0.0000  0.0000  0.1250  0.9990  0.9990  0.9990  1.0000  0.9990  0.9990  0.9990  0.9990  0.9990  0.9990  0.9990  0.9990  0.9990  0.1470  0.0000 
 0.0000  0.0000  0.0000  0.0000  0.0000  0.0000  0.0000  0.0000  0.0000  0.0000  0.0000  0.0000  0.0000  0.0000  0.0000  0.0000  0.0000  0.1250  0.9990  0.9990  0.9990  0.9990  1.0000  0.9990  0.9990  0.9990  0.9990  0.9990  0.9990  0.9990  0.9990  0.1470  0.0000 
 0.0000  0.0000  0.0000  0.0000  0.0000  0.0000  0.0000  0.0000  0.0000  0.0000  0.0000  0.0000  0.0000  0.0000  0.0000  0.0000  0.0000  0.1250  0.9990  0.9990  0.9990  0.9990  0.9990  1.0000  0.9990  0.9990  0.9990  0.9990  0.9990  0.9990  0.9990  0.1470  0.0000 
 0.0000  0.0000  0.0000  0.0000  0.0000  0.0000  0.0000  0.0000  0.0000  0.0000  0.0000  0.0000  0.0000  0.0000  0.0000  0.0000  0.0000  0.1250  0.9990  0.9990  0.9990  0.9990  0.9990  0.9990  1.0000  0.9990  0.9990  0.9990  0.9990  0.9990  0.9990  0.1470  0.0000 
 0.0000  0.0000  0.0000  0.0000  0.0000  0.0000  0.0000  0.0000  0.0000  0.0000  0.0000  0.0000  0.0000  0.0000  0.0000  0.0000  0.0000  0.1250  0.9990  0.9990  0.9990  0.9990  0.9990  0.9990  0.9990  1.0000  0.9990  0.9990  0.9990  0.9990  0.9990  0.1470  0.0000 
 0.0000  0.0000  0.0000  0.0000  0.0000  0.0000  0.0000  0.0000  0.0000  0.0000  0.0000  0.0000  0.0000  0.0000  0.0000  0.0000  0.0000  0.1250  0.9990  0.9990  0.9990  0.9990  0.9990  0.9990  0.9990  0.9990  1.0000  0.9990  0.9990  0.9990  0.9990  0.1470  0.0000 
 0.0000  0.0000  0.0000  0.0000  0.0000  0.0000  0.0000  0.0000  0.0000  0.0000  0.0000  0.0000  0.0000  0.0000  0.0000  0.0000  0.0000  0.1250  0.9990  0.9990  0.9990  0.9990  0.9990  0.9990  0.9990  0.9990  0.9990  1.0000  0.9990  0.9990  0.9990  0.1470  0.0000 
 0.0000  0.0000  0.0000  0.0000  0.0000  0.0000  0.0000  0.0000  0.0000  0.0000  0.0000  0.0000  0.0000  0.0000  0.0000  0.0000  0.0000  0.1250  0.9990  0.9990  0.9990  0.9990  0.9990  0.9990  0.9990  0.9990  0.9990  0.9990  1.0000  0.9990  0.9990  0.1470  0.0000 
 0.0000  0.0000  0.0000  0.0000  0.0000  0.0000  0.0000  0.0000  0.0000  0.0000  0.0000  0.0000  0.0000  0.0000  0.0000  0.0000  0.0000  0.1250  0.9990  0.9990  0.9990  0.9990  0.9990  0.9990  0.9990  0.9990  0.9990  0.9990  0.9990  1.0000  0.9990  0.1470  0.0000 
 0.0000  0.0000  0.0000  0.0000  0.0000  0.0000  0.0000  0.0000  0.0000  0.0000  0.0000  0.0000  0.0000  0.0000  0.0000  0.0000  0.0000  0.1250  0.9990  0.9990  0.9990  0.9990  0.9990  0.9990  0.9990  0.9990  0.9990  0.9990  0.9990  0.9990  1.0000  0.1470  0.0000 
 0.0000  0.0000  0.0000  0.0000  0.0000  0.0000  0.0000  0.0000  0.0000  0.0000  0.0000  0.0000  0.0000  0.0000  0.0000  0.0000  0.0000  0.0180  0.1470  0.1470  0.1470  0.1470  0.1470  0.1470  0.1470  0.1470  0.1470  0.1470  0.1470  0.1470  0.1470  1.0000  0.9860 
 0.0000  0.0000  0.0000  0.0000  0.0000  0.0000  0.0000  0.0000  0.0000  0.0000  0.0000  0.0000  0.0000  0.0000  0.0000  0.0000  0.0000  0.0000  0.0000  0.0000  0.0000  0.0000  0.0000  0.0000  0.0000  0.0000  0.0000  0.0000  0.0000  0.0000  0.0000  0.9860  1.0000 
