 1.0000  0.8920  0.6130  0.5660  0.4930  0.4950  0.4830  0.4870  0.4900  0.4820  0.4670  0.4510  0.4180  0.3940  0.3690  0.3690  0.3690  0.3690  0.0000  0.0000  0.0000  0.0000  0.0000  0.0000  0.0000  0.0000  0.0000  0.0000  0.0000  0.0000  0.0000  0.0000  0.0000 
 0.8920  1.0000  0.8030  0.7340  0.6730  0.6540  0.6270  0.6100  0.6020  0.5980  0.5930  0.5910  0.5520  0.5250  0.4900  0.4900  0.4900  0.4900  0.0000  0.0000  0.0000  0.0000  0.0000  0.0000  0.0000  0.0000  0.0000  0.0000  0.0000  0.0000  0.0000  0.0000  0.0000 
 0.6130  0.8030  1.0000  0.9790  0.9650  0.9410  0.8980  0.8700  0.8560  0.8490  0.8450  0.8350  0.7770  0.7300  0.6790  0.6790  0.6790  0.6790  0.0000  0.0000  0.0000  0.0000  0.0000  0.0000  0.0000  0.0000  0.0000  0.0000  0.0000  0.0000  0.0000  0.0000  0.0000 
 0.5660  0.7340  0.9790  1.0000  0.9810  0.9740  0.9390  0.9250  0.9170  0.9100  0.8950  0.8730  0.8000  0.7430  0.6820  0.6820  0.6820  0.6810  0.0000  0.0000  0.0000  0.0000  0.0000  0.0000  0.0000  0.0000  0.0000  0.0000  0.0000  0.0000  0.0000  0.0000  0.0000 
 0.4930  0.6730  0.9650  0.9810  1.0000  0.9870  0.9560  0.9360  0.9220  0.9150  0.9090  0.8990  0.8450  0.7960  0.7420  0.7420  0.7420  0.7410  0.0000  0.0000  0.0000  0.0000  0.0000  0.0000  0.0000  0.0000  0.0000  0.0000  0.0000  0.0000  0.0000  0.0000  0.0000 
 0.4950  0.6540  0.9410  0.9740  0.9870  1.0000  0.9830  0.9730  0.9640  0.9580  0.9530  0.9380  0.8800  0.8270  0.7700  0.7700  0.7700  0.7710  0.0000  0.0000  0.0000  0.0000  0.0000  0.0000  0.0000  0.0000  0.0000  0.0000  0.0000  0.0000  0.0000  0.0000  0.0000 
 0.4830  0.6270  0.8980  0.9390  0.9560  0.9830  1.0000  0.9920  0.9880  0.9860  0.9870  0.9770  0.9340  0.8930  0.8420  0.8420  0.8420  0.8410  0.0000  0.0000  0.0000  0.0000  0.0000  0.0000  0.0000  0.0000  0.0000  0.0000  0.0000  0.0000  0.0000  0.0000  0.0000 
 0.4870  0.6100  0.8700  0.9250  0.9360  0.9730  0.9920  1.0000  0.9940  0.9930  0.9900  0.9750  0.9300  0.8850  0.8320  0.8320  0.8320  0.8300  0.0000  0.0000  0.0000  0.0000  0.0000  0.0000  0.0000  0.0000  0.0000  0.0000  0.0000  0.0000  0.0000  0.0000  0.0000 
 0.4900  0.6020  0.8560  0.9170  0.9220  0.9640  0.9880  0.9940  1.0000  0.9960  0.9900  0.9710  0.9180  0.8690  0.8140  0.8140  0.8140  0.8140  0.0000  0.0000  0.0000  0.0000  0.0000  0.0000  0.0000  0.0000  0.0000  0.0000  0.0000  0.0000  0.0000  0.0000  0.0000 
 0.4820  0.5980  0.8490  0.9100  0.9150  0.9580  0.9860  0.9930  0.9960  1.0000  0.9920  0.9740  0.9250  0.8790  0.8250  0.8250  0.8250  0.8220  0.0000  0.0000  0.0000  0.0000  0.0000  0.0000  0.0000  0.0000  0.0000  0.0000  0.0000  0.0000  0.0000  0.0000  0.0000 
 0.4670  0.5930  0.8450  0.8950  0.9090  0.9530  0.9870  0.9900  0.9900  0.9920  1.0000  0.9900  0.9560  0.9170  0.8720  0.8720  0.8720  0.8710  0.0000  0.0000  0.0000  0.0000  0.0000  0.0000  0.0000  0.0000  0.0000  0.0000  0.0000  0.0000  0.0000  0.0000  0.0000 
 0.4510  0.5910  0.8350  0.8730  0.8990  0.9380  0.9770  0.9750  0.9710  0.9740  0.9900  1.0000  0.9810  0.9550  0.9180  0.9180  0.9180  0.9180  0.0000  0.0000  0.0000  0.0000  0.0000  0.0000  0.0000  0.0000  0.0000  0.0000  0.0000  0.0000  0.0000  0.0000  0.0000 
 0.4180  0.5520  0.7770  0.8000  0.8450  0.8800  0.9340  0.9300  0.9180  0.9250  0.9560  0.9810  1.0000  0.9900  0.9730  0.9730  0.9730  0.9720  0.0000  0.0000  0.0000  0.0000  0.0000  0.0000  0.0000  0.0000  0.0000  0.0000  0.0000  0.0000  0.0000  0.0000  0.0000 
 0.3940  0.5250  0.7300  0.7430  0.7960  0.8270  0.8930  0.8850  0.8690  0.8790  0.9170  0.9550  0.9900  1.0000  0.9920  0.9920  0.9920  0.9890  0.0000  0.0000  0.0000  0.0000  0.0000  0.0000  0.0000  0.0000  0.0000  0.0000  0.0000  0.0000  0.0000  0.0000  0.0000 
 0.3690  0.4900  0.6790  0.6820  0.7420  0.7700  0.8420  0.8320  0.8140  0.8250  0.8720  0.9180  0.9730  0.9920  1.0000  0.9990  0.9990  0.9960  0.0000  0.0000  0.0000  0.0000  0.0000  0.0000  0.0000  0.0000  0.0000  0.0000  0.0000  0.0000  0.0000  0.0000  0.0000 
 0.3690  0.4900  0.6790  0.6820  0.7420  0.7700  0.8420  0.8320  0.8140  0.8250  0.8720  0.9180  0.9730  0.9920  0.9990  1.0000  0.9990  0.9960  0.0000  0.0000  0.0000  0.0000  0.0000  0.0000  0.0000  0.0000  0.0000  0.0000  0.0000  0.0000  0.0000  0.0000  0.0000 
 0.3690  0.4900  0.6790  0.6820  0.7420  0.7700  0.8420  0.8320  0.8140  0.8250  0.8720  0.9180  0.9730  0.9920  0.9990  0.9990  1.0000  0.9960  0.0000  0.0000  0.0000  0.0000  0.0000  0.0000  0.0000  0.0000  0.0000  0.0000  0.0000  0.0000  0.0000  0.0000  0.0000 
 0.3690  0.4900  0.6790  0.6810  0.7410  0.7710  0.8410  0.8300  0.8140  0.8220  0.8710  0.9180  0.9720  0.9890  0.9960  0.9960  0.9960  1.0000  0.0500  0.0500  0.0500  0.0500  0.0500  0.0500  0.0500  0.0500  0.0500  0.0500  0.0500  0.0500  0.0500  0.0130  0.0000 
 0.0000  0.0000  0.0000  0.0000  0.0000  0.0000  0.0000  0.0000  0.0000  0.0000  0.0000  0.0000  0.0000  0.0000  0.0000  0.0000  0.0000  0.0500  1.0000  0.9990  0.9990  0.9990  0.9990  0.9990  0.9990  0.9990  0.9990  0.9990  0.9990  0.9990  0.9990  0.2550  0.0000 
 0.0000  0.0000  0.0000  0.0000  0.0000  0.0000  0.0000  0.0000  0.0000  0.0000  0.0000  0.0000  0.0000  0.0000  0.0000  0.0000  0.0000  0.0500  0.9990  1.0000  0.9990  0.9990  0.9990  0.9990  0.9990  0.9990  0.9990  0.9990  0.9990  0.9990  0.9990  0.2550  0.0000 
 0.0000  0.0000  0.0000  0.0000  0.0000  0.0000  0.0000  0.0000  0.0000  0.0000  0.0000  0.0000  0.0000  0.0000  0.0000  0.0000  0.0000  0.0500  0.9990  0.9990  1.0000  0.9990  0.9990  0.9990  0.9990  0.9990  0.9990  0.9990  0.9990  0.9990  0.9990  0.2550  0.0000 
 0.0000  0.0000  0.0000  0.0000  0.0000  0.0000  0.0000  0.0000  0.0000  0.0000  0.0000  0.0000  0.0000  0.0000  0.0000  0.0000  0.0000  0.0500  0.9990  0.9990  0.9990  1.0000  0.9990  0.9990  0.9990  0.9990  0.9990  0.9990  0.9990  0.9990  0.9990  0.2550  0.0000 
 0.0000  0.0000  0.0000  0.0000  0.0000  0.0000  0.0000  0.0000  0.0000  0.0000  0.0000  0.0000  0.0000  0.0000  0.0000  0.0000  0.0000  0.0500  0.9990  0.9990  0.9990  0.9990  1.0000  0.9990  0.9990  0.9990  0.9990  0.9990  0.9990  0.9990  0.9990  0.2550  0.0000 
 0.0000  0.0000  0.0000  0.0000  0.0000  0.0000  0.0000  0.0000  0.0000  0.0000  0.0000  0.0000  0.0000  0.0000  0.0000  0.0000  0.0000  0.0500  0.9990  0.9990  0.9990  0.9990  0.9990  1.0000  0.9990  0.9990  0.9990  0.9990  0.9990  0.9990  0.9990  0.2550  0.0000 
 0.0000  0.0000  0.0000  0.0000  0.0000  0.0000  0.0000  0.0000  0.0000  0.0000  0.0000  0.0000  0.0000  0.0000  0.0000  0.0000  0.0000  0.0500  0.9990  0.9990  0.9990  0.9990  0.9990  0.9990  1.0000  0.9990  0.9990  0.9990  0.9990  0.9990  0.9990  0.2550  0.0000 
 0.0000  0.0000  0.0000  0.0000  0.0000  0.0000  0.0000  0.0000  0.0000  0.0000  0.0000  0.0000  0.0000  0.0000  0.0000  0.0000  0.0000  0.0500  0.9990  0.9990  0.9990  0.9990  0.9990  0.9990  0.9990  1.0000  0.9990  0.9990  0.9990  0.9990  0.9990  0.2550  0.0000 
 0.0000  0.0000  0.0000  0.0000  0.0000  0.0000  0.0000  0.0000  0.0000  0.0000  0.0000  0.0000  0.0000  0.0000  0.0000  0.0000  0.0000  0.0500  0.9990  0.9990  0.9990  0.9990  0.9990  0.9990  0.9990  0.9990  1.0000  0.9990  0.9990  0.9990  0.9990  0.2550  0.0000 
 0.0000  0.0000  0.0000  0.0000  0.0000  0.0000  0.0000  0.0000  0.0000  0.0000  0.0000  0.0000  0.0000  0.0000  0.0000  0.0000  0.0000  0.0500  0.9990  0.9990  0.9990  0.9990  0.9990  0.9990  0.9990  0.9990  0.9990  1.0000  0.9990  0.9990  0.9990  0.2550  0.0000 
 0.0000  0.0000  0.0000  0.0000  0.0000  0.0000  0.0000  0.0000  0.0000  0.0000  0.0000  0.0000  0.0000  0.0000  0.0000  0.0000  0.0000  0.0500  0.9990  0.9990  0.9990  0.9990  0.9990  0.9990  0.9990  0.9990  0.9990  0.9990  1.0000  0.9990  0.9990  0.2550  0.0000 
 0.0000  0.0000  0.0000  0.0000  0.0000  0.0000  0.0000  0.0000  0.0000  0.0000  0.0000  0.0000  0.0000  0.0000  0.0000  0.0000  0.0000  0.0500  0.9990  0.9990  0.9990  0.9990  0.9990  0.9990  0.9990  0.9990  0.9990  0.9990  0.9990  1.0000  0.9990  0.2550  0.0000 
 0.0000  0.0000  0.0000  0.0000  0.0000  0.0000  0.0000  0.0000  0.0000  0.0000  0.0000  0.0000  0.0000  0.0000  0.0000  0.0000  0.0000  0.0500  0.9990  0.9990  0.9990  0.9990  0.9990  0.9990  0.9990  0.9990  0.9990  0.9990  0.9990  0.9990  1.0000  0.2550  0.0000 
 0.0000  0.0000  0.0000  0.0000  0.0000  0.0000  0.0000  0.0000  0.0000  0.0000  0.0000  0.0000  0.0000  0.0000  0.0000  0.0000  0.0000  0.0130  0.2550  0.2550  0.2550  0.2550  0.2550  0.2550  0.2550  0.2550  0.2550  0.2550  0.2550  0.2550  0.2550  1.0000  0.9620 
 0.0000  0.0000  0.0000  0.0000  0.0000  0.0000  0.0000  0.0000  0.0000  0.0000  0.0000  0.0000  0.0000  0.0000  0.0000  0.0000  0.0000  0.0000  0.0000  0.0000  0.0000  0.0000  0.0000  0.0000  0.0000  0.0000  0.0000  0.0000  0.0000  0.0000  0.0000  0.9620  1.0000 
