 1.0000  0.9210  0.7980  0.8030  0.7760  0.7630  0.7470  0.7430  0.7350  0.7340  0.7320  0.7280  0.7140  0.6980  0.6760  0.6760  0.6760  0.6760  0.0180  0.0000  0.0000  0.0000  0.0000  0.0000  0.0000  0.0000  0.0000  0.0000  0.0000  0.0000  0.0000  0.0000  0.0000 
 0.9210  1.0000  0.9450  0.9360  0.9170  0.8850  0.8620  0.8510  0.8390  0.8340  0.8350  0.8360  0.8240  0.8070  0.7870  0.7870  0.7870  0.7870  0.0220  0.0000  0.0000  0.0000  0.0000  0.0000  0.0000  0.0000  0.0000  0.0000  0.0000  0.0000  0.0000  0.0000  0.0000 
 0.7980  0.9450  1.0000  0.9850  0.9830  0.9490  0.9170  0.9040  0.8890  0.8810  0.8830  0.8830  0.8710  0.8550  0.8360  0.8360  0.8360  0.8360  0.0230  0.0000  0.0000  0.0000  0.0000  0.0000  0.0000  0.0000  0.0000  0.0000  0.0000  0.0000  0.0000  0.0000  0.0000 
 0.8030  0.9360  0.9850  1.0000  0.9920  0.9780  0.9570  0.9480  0.9390  0.9350  0.9320  0.9270  0.9060  0.8840  0.8550  0.8550  0.8550  0.8550  0.0240  0.0000  0.0000  0.0000  0.0000  0.0000  0.0000  0.0000  0.0000  0.0000  0.0000  0.0000  0.0000  0.0000  0.0000 
 0.7760  0.9170  0.9830  0.9920  1.0000  0.9870  0.9680  0.9570  0.9470  0.9400  0.9390  0.9360  0.9190  0.8980  0.8750  0.8750  0.8750  0.8750  0.0240  0.0000  0.0000  0.0000  0.0000  0.0000  0.0000  0.0000  0.0000  0.0000  0.0000  0.0000  0.0000  0.0000  0.0000 
 0.7630  0.8850  0.9490  0.9780  0.9870  1.0000  0.9890  0.9840  0.9790  0.9740  0.9720  0.9660  0.9460  0.9260  0.8980  0.8980  0.8980  0.8980  0.0250  0.0000  0.0000  0.0000  0.0000  0.0000  0.0000  0.0000  0.0000  0.0000  0.0000  0.0000  0.0000  0.0000  0.0000 
 0.7470  0.8620  0.9170  0.9570  0.9680  0.9890  1.0000  0.9970  0.9950  0.9920  0.9910  0.9870  0.9690  0.9480  0.9230  0.9230  0.9230  0.9230  0.0260  0.0000  0.0000  0.0000  0.0000  0.0000  0.0000  0.0000  0.0000  0.0000  0.0000  0.0000  0.0000  0.0000  0.0000 
 0.7430  0.8510  0.9040  0.9480  0.9570  0.9840  0.9970  1.0000  0.9980  0.9950  0.9950  0.9920  0.9780  0.9600  0.9350  0.9350  0.9350  0.9350  0.0270  0.0000  0.0000  0.0000  0.0000  0.0000  0.0000  0.0000  0.0000  0.0000  0.0000  0.0000  0.0000  0.0000  0.0000 
 0.7350  0.8390  0.8890  0.9390  0.9470  0.9790  0.9950  0.9980  1.0000  0.9970  0.9960  0.9910  0.9730  0.9540  0.9270  0.9270  0.9270  0.9270  0.0270  0.0000  0.0000  0.0000  0.0000  0.0000  0.0000  0.0000  0.0000  0.0000  0.0000  0.0000  0.0000  0.0000  0.0000 
 0.7340  0.8340  0.8810  0.9350  0.9400  0.9740  0.9920  0.9950  0.9970  1.0000  0.9960  0.9910  0.9710  0.9500  0.9230  0.9230  0.9230  0.9230  0.0260  0.0000  0.0000  0.0000  0.0000  0.0000  0.0000  0.0000  0.0000  0.0000  0.0000  0.0000  0.0000  0.0000  0.0000 
 0.7320  0.8350  0.8830  0.9320  0.9390  0.9720  0.9910  0.9950  0.9960  0.9960  1.0000  0.9940  0.9810  0.9630  0.9390  0.9390  0.9390  0.9390  0.0250  0.0000  0.0000  0.0000  0.0000  0.0000  0.0000  0.0000  0.0000  0.0000  0.0000  0.0000  0.0000  0.0000  0.0000 
 0.7280  0.8360  0.8830  0.9270  0.9360  0.9660  0.9870  0.9920  0.9910  0.9910  0.9940  1.0000  0.9910  0.9790  0.9600  0.9600  0.9600  0.9600  0.0270  0.0000  0.0000  0.0000  0.0000  0.0000  0.0000  0.0000  0.0000  0.0000  0.0000  0.0000  0.0000  0.0000  0.0000 
 0.7140  0.8240  0.8710  0.9060  0.9190  0.9460  0.9690  0.9780  0.9730  0.9710  0.9810  0.9910  1.0000  0.9940  0.9850  0.9850  0.9850  0.9850  0.0270  0.0000  0.0000  0.0000  0.0000  0.0000  0.0000  0.0000  0.0000  0.0000  0.0000  0.0000  0.0000  0.0000  0.0000 
 0.6980  0.8070  0.8550  0.8840  0.8980  0.9260  0.9480  0.9600  0.9540  0.9500  0.9630  0.9790  0.9940  1.0000  0.9940  0.9940  0.9940  0.9940  0.0280  0.0000  0.0000  0.0000  0.0000  0.0000  0.0000  0.0000  0.0000  0.0000  0.0000  0.0000  0.0000  0.0000  0.0000 
 0.6760  0.7870  0.8360  0.8550  0.8750  0.8980  0.9230  0.9350  0.9270  0.9230  0.9390  0.9600  0.9850  0.9940  1.0000  0.9990  0.9990  0.9990  0.0270  0.0000  0.0000  0.0000  0.0000  0.0000  0.0000  0.0000  0.0000  0.0000  0.0000  0.0000  0.0000  0.0000  0.0000 
 0.6760  0.7870  0.8360  0.8550  0.8750  0.8980  0.9230  0.9350  0.9270  0.9230  0.9390  0.9600  0.9850  0.9940  0.9990  1.0000  0.9990  0.9990  0.0270  0.0000  0.0000  0.0000  0.0000  0.0000  0.0000  0.0000  0.0000  0.0000  0.0000  0.0000  0.0000  0.0000  0.0000 
 0.6760  0.7870  0.8360  0.8550  0.8750  0.8980  0.9230  0.9350  0.9270  0.9230  0.9390  0.9600  0.9850  0.9940  0.9990  0.9990  1.0000  0.9990  0.0270  0.0000  0.0000  0.0000  0.0000  0.0000  0.0000  0.0000  0.0000  0.0000  0.0000  0.0000  0.0000  0.0000  0.0000 
 0.6760  0.7870  0.8360  0.8550  0.8750  0.8980  0.9230  0.9350  0.9270  0.9230  0.9390  0.9600  0.9850  0.9940  0.9990  0.9990  0.9990  1.0000  0.0270  0.0000  0.0000  0.0000  0.0000  0.0000  0.0000  0.0000  0.0000  0.0000  0.0000  0.0000  0.0000  0.0000  0.0000 
 0.0180  0.0220  0.0230  0.0240  0.0240  0.0250  0.0260  0.0270  0.0270  0.0260  0.0250  0.0270  0.0270  0.0280  0.0270  0.0270  0.0270  0.0270  1.0000  0.9970  0.9970  0.9970  0.9970  0.9970  0.9970  0.9970  0.9970  0.9970  0.9970  0.9970  0.9970  0.2210  0.0000 
 0.0000  0.0000  0.0000  0.0000  0.0000  0.0000  0.0000  0.0000  0.0000  0.0000  0.0000  0.0000  0.0000  0.0000  0.0000  0.0000  0.0000  0.0000  0.9970  1.0000  0.9990  0.9990  0.9990  0.9990  0.9990  0.9990  0.9990  0.9990  0.9990  0.9990  0.9990  0.2210  0.0000 
 0.0000  0.0000  0.0000  0.0000  0.0000  0.0000  0.0000  0.0000  0.0000  0.0000  0.0000  0.0000  0.0000  0.0000  0.0000  0.0000  0.0000  0.0000  0.9970  0.9990  1.0000  0.9990  0.9990  0.9990  0.9990  0.9990  0.9990  0.9990  0.9990  0.9990  0.9990  0.2210  0.0000 
 0.0000  0.0000  0.0000  0.0000  0.0000  0.0000  0.0000  0.0000  0.0000  0.0000  0.0000  0.0000  0.0000  0.0000  0.0000  0.0000  0.0000  0.0000  0.9970  0.9990  0.9990  1.0000  0.9990  0.9990  0.9990  0.9990  0.9990  0.9990  0.9990  0.9990  0.9990  0.2210  0.0000 
 0.0000  0.0000  0.0000  0.0000  0.0000  0.0000  0.0000  0.0000  0.0000  0.0000  0.0000  0.0000  0.0000  0.0000  0.0000  0.0000  0.0000  0.0000  0.9970  0.9990  0.9990  0.9990  1.0000  0.9990  0.9990  0.9990  0.9990  0.9990  0.9990  0.9990  0.9990  0.2210  0.0000 
 0.0000  0.0000  0.0000  0.0000  0.0000  0.0000  0.0000  0.0000  0.0000  0.0000  0.0000  0.0000  0.0000  0.0000  0.0000  0.0000  0.0000  0.0000  0.9970  0.9990  0.9990  0.9990  0.9990  1.0000  0.9990  0.9990  0.9990  0.9990  0.9990  0.9990  0.9990  0.2210  0.0000 
 0.0000  0.0000  0.0000  0.0000  0.0000  0.0000  0.0000  0.0000  0.0000  0.0000  0.0000  0.0000  0.0000  0.0000  0.0000  0.0000  0.0000  0.0000  0.9970  0.9990  0.9990  0.9990  0.9990  0.9990  1.0000  0.9990  0.9990  0.9990  0.9990  0.9990  0.9990  0.2210  0.0000 
 0.0000  0.0000  0.0000  0.0000  0.0000  0.0000  0.0000  0.0000  0.0000  0.0000  0.0000  0.0000  0.0000  0.0000  0.0000  0.0000  0.0000  0.0000  0.9970  0.9990  0.9990  0.9990  0.9990  0.9990  0.9990  1.0000  0.9990  0.9990  0.9990  0.9990  0.9990  0.2210  0.0000 
 0.0000  0.0000  0.0000  0.0000  0.0000  0.0000  0.0000  0.0000  0.0000  0.0000  0.0000  0.0000  0.0000  0.0000  0.0000  0.0000  0.0000  0.0000  0.9970  0.9990  0.9990  0.9990  0.9990  0.9990  0.9990  0.9990  1.0000  0.9990  0.9990  0.9990  0.9990  0.2210  0.0000 
 0.0000  0.0000  0.0000  0.0000  0.0000  0.0000  0.0000  0.0000  0.0000  0.0000  0.0000  0.0000  0.0000  0.0000  0.0000  0.0000  0.0000  0.0000  0.9970  0.9990  0.9990  0.9990  0.9990  0.9990  0.9990  0.9990  0.9990  1.0000  0.9990  0.9990  0.9990  0.2210  0.0000 
 0.0000  0.0000  0.0000  0.0000  0.0000  0.0000  0.0000  0.0000  0.0000  0.0000  0.0000  0.0000  0.0000  0.0000  0.0000  0.0000  0.0000  0.0000  0.9970  0.9990  0.9990  0.9990  0.9990  0.9990  0.9990  0.9990  0.9990  0.9990  1.0000  0.9990  0.9990  0.2210  0.0000 
 0.0000  0.0000  0.0000  0.0000  0.0000  0.0000  0.0000  0.0000  0.0000  0.0000  0.0000  0.0000  0.0000  0.0000  0.0000  0.0000  0.0000  0.0000  0.9970  0.9990  0.9990  0.9990  0.9990  0.9990  0.9990  0.9990  0.9990  0.9990  0.9990  1.0000  0.9990  0.2210  0.0000 
 0.0000  0.0000  0.0000  0.0000  0.0000  0.0000  0.0000  0.0000  0.0000  0.0000  0.0000  0.0000  0.0000  0.0000  0.0000  0.0000  0.0000  0.0000  0.9970  0.9990  0.9990  0.9990  0.9990  0.9990  0.9990  0.9990  0.9990  0.9990  0.9990  0.9990  1.0000  0.2210  0.0000 
 0.0000  0.0000  0.0000  0.0000  0.0000  0.0000  0.0000  0.0000  0.0000  0.0000  0.0000  0.0000  0.0000  0.0000  0.0000  0.0000  0.0000  0.0000  0.2210  0.2210  0.2210  0.2210  0.2210  0.2210  0.2210  0.2210  0.2210  0.2210  0.2210  0.2210  0.2210  1.0000  0.9720 
 0.0000  0.0000  0.0000  0.0000  0.0000  0.0000  0.0000  0.0000  0.0000  0.0000  0.0000  0.0000  0.0000  0.0000  0.0000  0.0000  0.0000  0.0000  0.0000  0.0000  0.0000  0.0000  0.0000  0.0000  0.0000  0.0000  0.0000  0.0000  0.0000  0.0000  0.0000  0.9720  1.0000 
