 1.0000  0.4216  0.3277  0.2741  0.2665  0.0781  0.0032  0.0000  0.0000  0.0000  0.0000  0.0000  0.0000  0.0000  0.0000  0.0000  0.0000  0.0000  0.0000  0.0000  0.0000  0.0000  0.0000  0.0000  0.0000  0.0000  0.0000  0.0000  0.0000  0.0000  0.0000  0.0000  0.0000 
 0.4216  1.0000  0.5762  0.2466  0.2529  0.0624  0.0023  0.0000  0.0000  0.0000  0.0000  0.0000  0.0000  0.0000  0.0000  0.0000  0.0000  0.0000  0.0000  0.0000  0.0000  0.0000  0.0000  0.0000  0.0000  0.0000  0.0000  0.0000  0.0000  0.0000  0.0000  0.0000  0.0000 
 0.3277  0.5762  1.0000  0.8376  0.5010  0.1026  0.0037  0.0000  0.0000  0.0000  0.0000  0.0000  0.0000  0.0000  0.0000  0.0000  0.0000  0.0000  0.0000  0.0000  0.0000  0.0000  0.0000  0.0000  0.0000  0.0000  0.0000  0.0000  0.0000  0.0000  0.0000  0.0000  0.0000 
 0.2741  0.2466  0.8376  1.0000  0.5118  0.1578  0.0073  0.0000  0.0000  0.0000  0.0000  0.0000  0.0000  0.0000  0.0000  0.0000  0.0000  0.0000  0.0000  0.0000  0.0000  0.0000  0.0000  0.0000  0.0000  0.0000  0.0000  0.0000  0.0000  0.0000  0.0000  0.0000  0.0000 
 0.2665  0.2529  0.5010  0.5118  1.0000  0.4564  0.0064  0.0011  0.0007  0.0004  0.0002  0.0001  0.0001  0.0001  0.0001  0.0001  0.0001  0.0001  0.0001  0.0001  0.0001  0.0001  0.0001  0.0001  0.0001  0.0001  0.0001  0.0001  0.0001  0.0001  0.0001  0.0001  0.0001 
 0.0781  0.0624  0.1026  0.1578  0.4564  1.0000  0.2950  0.1309  0.0421  0.0230  0.0153  0.0105  0.0077  0.0077  0.0077  0.0077  0.0077  0.0077  0.0077  0.0077  0.0077  0.0077  0.0077  0.0077  0.0076  0.0076  0.0076  0.0076  0.0076  0.0076  0.0076  0.0076  0.0076 
 0.0032  0.0023  0.0037  0.0073  0.0064  0.2950  1.0000  0.8619  0.6999  0.5780  0.5650  0.5010  0.4130  0.4130  0.4130  0.4130  0.4130  0.4130  0.4130  0.4130  0.4130  0.4130  0.4130  0.4130  0.4130  0.4130  0.4130  0.4130  0.4130  0.4130  0.4130  0.4130  0.4130 
 0.0000  0.0000  0.0000  0.0000  0.0011  0.1309  0.8619  1.0000  0.8810  0.6560  0.6930  0.6540  0.5850  0.5850  0.5850  0.5850  0.5850  0.5850  0.5850  0.5850  0.5850  0.5850  0.5850  0.5850  0.5850  0.5850  0.5850  0.5850  0.5850  0.5850  0.5850  0.5850  0.5850 
 0.0000  0.0000  0.0000  0.0000  0.0007  0.0421  0.6999  0.8810  1.0000  0.8290  0.7930  0.7080  0.6100  0.6100  0.6100  0.6100  0.6100  0.6100  0.6100  0.6100  0.6100  0.6100  0.6100  0.6100  0.6100  0.6100  0.6100  0.6100  0.6100  0.6100  0.6100  0.6100  0.6100 
 0.0000  0.0000  0.0000  0.0000  0.0004  0.0230  0.5780  0.6560  0.8290  1.0000  0.8820  0.7140  0.5070  0.5080  0.5080  0.5080  0.5080  0.5080  0.5080  0.5080  0.5080  0.5080  0.5080  0.5080  0.5080  0.5080  0.5080  0.5080  0.5080  0.5080  0.5080  0.5080  0.5080 
 0.0000  0.0000  0.0000  0.0000  0.0002  0.0153  0.5650  0.6930  0.7930  0.8820  1.0000  0.9570  0.8300  0.8300  0.8300  0.8300  0.8300  0.8300  0.8300  0.8300  0.8300  0.8300  0.8300  0.8300  0.8300  0.8300  0.8300  0.8300  0.8300  0.8300  0.8300  0.8300  0.8300 
 0.0000  0.0000  0.0000  0.0000  0.0001  0.0105  0.5010  0.6540  0.7080  0.7140  0.9570  1.0000  0.9520  0.9520  0.9520  0.9520  0.9520  0.9520  0.9520  0.9520  0.9520  0.9520  0.9520  0.9520  0.9520  0.9520  0.9520  0.9520  0.9520  0.9520  0.9520  0.9520  0.9520 
 0.0000  0.0000  0.0000  0.0000  0.0001  0.0077  0.4130  0.5850  0.6100  0.5070  0.8300  0.9520  1.0000  1.0000  1.0000  1.0000  1.0000  1.0000  1.0000  1.0000  1.0000  1.0000  1.0000  1.0000  1.0000  1.0000  1.0000  1.0000  1.0000  1.0000  1.0000  1.0000  1.0000 
 0.0000  0.0000  0.0000  0.0000  0.0001  0.0077  0.4130  0.5850  0.6100  0.5080  0.8300  0.9520  1.0000  1.0000  1.0000  1.0000  1.0000  1.0000  1.0000  1.0000  1.0000  1.0000  1.0000  1.0000  1.0000  1.0000  1.0000  1.0000  1.0000  1.0000  1.0000  1.0000  1.0000 
 0.0000  0.0000  0.0000  0.0000  0.0001  0.0077  0.4130  0.5850  0.6100  0.5080  0.8300  0.9520  1.0000  1.0000  1.0000  1.0000  1.0000  1.0000  1.0000  1.0000  1.0000  1.0000  1.0000  1.0000  1.0000  1.0000  1.0000  1.0000  1.0000  1.0000  1.0000  1.0000  1.0000 
 0.0000  0.0000  0.0000  0.0000  0.0001  0.0077  0.4130  0.5850  0.6100  0.5080  0.8300  0.9520  1.0000  1.0000  1.0000  1.0000  1.0000  1.0000  1.0000  1.0000  1.0000  1.0000  1.0000  1.0000  1.0000  1.0000  1.0000  1.0000  1.0000  1.0000  1.0000  1.0000  1.0000 
 0.0000  0.0000  0.0000  0.0000  0.0001  0.0077  0.4130  0.5850  0.6100  0.5080  0.8300  0.9520  1.0000  1.0000  1.0000  1.0000  1.0000  1.0000  1.0000  1.0000  1.0000  1.0000  1.0000  1.0000  1.0000  1.0000  1.0000  1.0000  1.0000  1.0000  1.0000  1.0000  1.0000 
 0.0000  0.0000  0.0000  0.0000  0.0001  0.0077  0.4130  0.5850  0.6100  0.5080  0.8300  0.9520  1.0000  1.0000  1.0000  1.0000  1.0000  1.0000  1.0000  1.0000  1.0000  1.0000  1.0000  1.0000  1.0000  1.0000  1.0000  1.0000  1.0000  1.0000  1.0000  1.0000  1.0000 
 0.0000  0.0000  0.0000  0.0000  0.0001  0.0077  0.4130  0.5850  0.6100  0.5080  0.8300  0.9520  1.0000  1.0000  1.0000  1.0000  1.0000  1.0000  1.0000  1.0000  1.0000  1.0000  1.0000  1.0000  1.0000  1.0000  1.0000  1.0000  1.0000  1.0000  1.0000  1.0000  1.0000 
 0.0000  0.0000  0.0000  0.0000  0.0001  0.0077  0.4130  0.5850  0.6100  0.5080  0.8300  0.9520  1.0000  1.0000  1.0000  1.0000  1.0000  1.0000  1.0000  1.0000  1.0000  1.0000  1.0000  1.0000  1.0000  1.0000  1.0000  1.0000  1.0000  1.0000  1.0000  1.0000  1.0000 
 0.0000  0.0000  0.0000  0.0000  0.0001  0.0077  0.4130  0.5850  0.6100  0.5080  0.8300  0.9520  1.0000  1.0000  1.0000  1.0000  1.0000  1.0000  1.0000  1.0000  1.0000  1.0000  1.0000  1.0000  1.0000  1.0000  1.0000  1.0000  1.0000  1.0000  1.0000  1.0000  1.0000 
 0.0000  0.0000  0.0000  0.0000  0.0001  0.0077  0.4130  0.5850  0.6100  0.5080  0.8300  0.9520  1.0000  1.0000  1.0000  1.0000  1.0000  1.0000  1.0000  1.0000  1.0000  1.0000  1.0000  1.0000  1.0000  1.0000  1.0000  1.0000  1.0000  1.0000  1.0000  1.0000  1.0000 
 0.0000  0.0000  0.0000  0.0000  0.0001  0.0077  0.4130  0.5850  0.6100  0.5080  0.8300  0.9520  1.0000  1.0000  1.0000  1.0000  1.0000  1.0000  1.0000  1.0000  1.0000  1.0000  1.0000  1.0000  1.0000  1.0000  1.0000  1.0000  1.0000  1.0000  1.0000  1.0000  1.0000 
 0.0000  0.0000  0.0000  0.0000  0.0001  0.0077  0.4130  0.5850  0.6100  0.5080  0.8300  0.9520  1.0000  1.0000  1.0000  1.0000  1.0000  1.0000  1.0000  1.0000  1.0000  1.0000  1.0000  1.0000  1.0000  1.0000  1.0000  1.0000  1.0000  1.0000  1.0000  1.0000  1.0000 
 0.0000  0.0000  0.0000  0.0000  0.0001  0.0076  0.4130  0.5850  0.6100  0.5080  0.8300  0.9520  1.0000  1.0000  1.0000  1.0000  1.0000  1.0000  1.0000  1.0000  1.0000  1.0000  1.0000  1.0000  1.0000  1.0000  1.0000  1.0000  1.0000  1.0000  1.0000  1.0000  1.0000 
 0.0000  0.0000  0.0000  0.0000  0.0001  0.0076  0.4130  0.5850  0.6100  0.5080  0.8300  0.9520  1.0000  1.0000  1.0000  1.0000  1.0000  1.0000  1.0000  1.0000  1.0000  1.0000  1.0000  1.0000  1.0000  1.0000  1.0000  1.0000  1.0000  1.0000  1.0000  1.0000  1.0000 
 0.0000  0.0000  0.0000  0.0000  0.0001  0.0076  0.4130  0.5850  0.6100  0.5080  0.8300  0.9520  1.0000  1.0000  1.0000  1.0000  1.0000  1.0000  1.0000  1.0000  1.0000  1.0000  1.0000  1.0000  1.0000  1.0000  1.0000  1.0000  1.0000  1.0000  1.0000  1.0000  1.0000 
 0.0000  0.0000  0.0000  0.0000  0.0001  0.0076  0.4130  0.5850  0.6100  0.5080  0.8300  0.9520  1.0000  1.0000  1.0000  1.0000  1.0000  1.0000  1.0000  1.0000  1.0000  1.0000  1.0000  1.0000  1.0000  1.0000  1.0000  1.0000  1.0000  1.0000  1.0000  1.0000  1.0000 
 0.0000  0.0000  0.0000  0.0000  0.0001  0.0076  0.4130  0.5850  0.6100  0.5080  0.8300  0.9520  1.0000  1.0000  1.0000  1.0000  1.0000  1.0000  1.0000  1.0000  1.0000  1.0000  1.0000  1.0000  1.0000  1.0000  1.0000  1.0000  1.0000  1.0000  1.0000  1.0000  1.0000 
 0.0000  0.0000  0.0000  0.0000  0.0001  0.0076  0.4130  0.5850  0.6100  0.5080  0.8300  0.9520  1.0000  1.0000  1.0000  1.0000  1.0000  1.0000  1.0000  1.0000  1.0000  1.0000  1.0000  1.0000  1.0000  1.0000  1.0000  1.0000  1.0000  1.0000  1.0000  1.0000  1.0000 
 0.0000  0.0000  0.0000  0.0000  0.0001  0.0076  0.4130  0.5850  0.6100  0.5080  0.8300  0.9520  1.0000  1.0000  1.0000  1.0000  1.0000  1.0000  1.0000  1.0000  1.0000  1.0000  1.0000  1.0000  1.0000  1.0000  1.0000  1.0000  1.0000  1.0000  1.0000  1.0000  1.0000 
 0.0000  0.0000  0.0000  0.0000  0.0001  0.0076  0.4130  0.5850  0.6100  0.5080  0.8300  0.9520  1.0000  1.0000  1.0000  1.0000  1.0000  1.0000  1.0000  1.0000  1.0000  1.0000  1.0000  1.0000  1.0000  1.0000  1.0000  1.0000  1.0000  1.0000  1.0000  1.0000  1.0000 
 0.0000  0.0000  0.0000  0.0000  0.0001  0.0076  0.4130  0.5850  0.6100  0.5080  0.8300  0.9520  1.0000  1.0000  1.0000  1.0000  1.0000  1.0000  1.0000  1.0000  1.0000  1.0000  1.0000  1.0000  1.0000  1.0000  1.0000  1.0000  1.0000  1.0000  1.0000  1.0000  1.0000 
