 1.0000 -0.6170 -0.6740  0.8650  0.9030  0.9860  0.0060 -0.4630 -0.5210 -0.3480  0.0000  0.0000  0.0000  0.0000  0.0000  0.0000  0.0000  0.0000  0.0000  0.0000  0.0000  0.0000  0.0000  0.0000  0.0000  0.0000  0.0000  0.0000  0.0000  0.0000  0.0000  0.0000  0.0000 
-0.6170  1.0000  0.9960 -0.9250 -0.8900 -0.7270  0.7800  0.9820  0.9920  0.6860  0.0000  0.0000  0.0000  0.0000  0.0000  0.0000  0.0000  0.0000  0.0000  0.0000  0.0000  0.0000  0.0000  0.0000  0.0000  0.0000  0.0000  0.0000  0.0000  0.0000  0.0000  0.0000  0.0000 
-0.6740  0.9960  1.0000 -0.9510 -0.9220 -0.7760  0.7300  0.9660  0.9800  0.6760  0.0000  0.0000  0.0000  0.0000  0.0000  0.0000  0.0000  0.0000  0.0000  0.0000  0.0000  0.0000  0.0000  0.0000  0.0000  0.0000  0.0000  0.0000  0.0000  0.0000  0.0000  0.0000  0.0000 
 0.8650 -0.9250 -0.9510  1.0000  0.9960  0.9310 -0.4890 -0.8410 -0.8760 -0.5980  0.0000  0.0000  0.0000  0.0000  0.0000  0.0000  0.0000  0.0000  0.0000  0.0000  0.0000  0.0000  0.0000  0.0000  0.0000  0.0000  0.0000  0.0000  0.0000  0.0000  0.0000  0.0000  0.0000 
 0.9030 -0.8900 -0.9220  0.9960  1.0000  0.9570 -0.4140 -0.7930 -0.8320 -0.5660  0.0000  0.0000  0.0000  0.0000  0.0000  0.0000  0.0000  0.0000  0.0000  0.0000  0.0000  0.0000  0.0000  0.0000  0.0000  0.0000  0.0000  0.0000  0.0000  0.0000  0.0000  0.0000  0.0000 
 0.9860 -0.7270 -0.7760  0.9310  0.9570  1.0000 -0.1410 -0.5890 -0.6430 -0.4330  0.0000  0.0000  0.0000  0.0000  0.0000  0.0000  0.0000  0.0000  0.0000  0.0000  0.0000  0.0000  0.0000  0.0000  0.0000  0.0000  0.0000  0.0000  0.0000  0.0000  0.0000  0.0000  0.0000 
 0.0060  0.7800  0.7300 -0.4890 -0.4140 -0.1410  1.0000  0.8810  0.8480  0.5950  0.0000  0.0000  0.0000  0.0000  0.0000  0.0000  0.0000  0.0000  0.0000  0.0000  0.0000  0.0000  0.0000  0.0000  0.0000  0.0000  0.0000  0.0000  0.0000  0.0000  0.0000  0.0000  0.0000 
-0.4630  0.9820  0.9660 -0.8410 -0.7930 -0.5890  0.8810  1.0000  0.9960  0.6910  0.0000  0.0000  0.0000  0.0000  0.0000  0.0000  0.0000  0.0000  0.0000  0.0000  0.0000  0.0000  0.0000  0.0000  0.0000  0.0000  0.0000  0.0000  0.0000  0.0000  0.0000  0.0000  0.0000 
-0.5210  0.9920  0.9800 -0.8760 -0.8320 -0.6430  0.8480  0.9960  1.0000  0.6920  0.0000  0.0000  0.0000  0.0000  0.0000  0.0000  0.0000  0.0000  0.0000  0.0000  0.0000  0.0000  0.0000  0.0000  0.0000  0.0000  0.0000  0.0000  0.0000  0.0000  0.0000  0.0000  0.0000 
-0.3480  0.6860  0.6760 -0.5980 -0.5660 -0.4330  0.5950  0.6910  0.6920  1.0000  0.6440  0.6440  0.6440  0.6440  0.6440  0.6220  0.0000  0.0000  0.0000  0.0000  0.0000  0.0000  0.0000  0.0000  0.0000  0.0000  0.0000  0.0000  0.0000  0.0000  0.0000  0.0000  0.0000 
 0.0000  0.0000  0.0000  0.0000  0.0000  0.0000  0.0000  0.0000  0.0000  0.6440  1.0000  0.9990  0.9990  0.9990  0.9990  0.9650  0.0000  0.0000  0.0000  0.0000  0.0000  0.0000  0.0000  0.0000  0.0000  0.0000  0.0000  0.0000  0.0000  0.0000  0.0000  0.0000  0.0000 
 0.0000  0.0000  0.0000  0.0000  0.0000  0.0000  0.0000  0.0000  0.0000  0.6440  0.9990  1.0000  0.9990  0.9990  0.9990  0.9650  0.0000  0.0000  0.0000  0.0000  0.0000  0.0000  0.0000  0.0000  0.0000  0.0000  0.0000  0.0000  0.0000  0.0000  0.0000  0.0000  0.0000 
 0.0000  0.0000  0.0000  0.0000  0.0000  0.0000  0.0000  0.0000  0.0000  0.6440  0.9990  0.9990  1.0000  0.9990  0.9990  0.9650  0.0000  0.0000  0.0000  0.0000  0.0000  0.0000  0.0000  0.0000  0.0000  0.0000  0.0000  0.0000  0.0000  0.0000  0.0000  0.0000  0.0000 
 0.0000  0.0000  0.0000  0.0000  0.0000  0.0000  0.0000  0.0000  0.0000  0.6440  0.9990  0.9990  0.9990  1.0000  0.9990  0.9650  0.0000  0.0000  0.0000  0.0000  0.0000  0.0000  0.0000  0.0000  0.0000  0.0000  0.0000  0.0000  0.0000  0.0000  0.0000  0.0000  0.0000 
 0.0000  0.0000  0.0000  0.0000  0.0000  0.0000  0.0000  0.0000  0.0000  0.6440  0.9990  0.9990  0.9990  0.9990  1.0000  0.9650  0.0000  0.0000  0.0000  0.0000  0.0000  0.0000  0.0000  0.0000  0.0000  0.0000  0.0000  0.0000  0.0000  0.0000  0.0000  0.0000  0.0000 
 0.0000  0.0000  0.0000  0.0000  0.0000  0.0000  0.0000  0.0000  0.0000  0.6220  0.9650  0.9650  0.9650  0.9650  0.9650  1.0000  0.2300  0.2100  0.1720  0.1630  0.2170  0.0990  0.1730  0.2350  0.2350  0.2350  0.2330  0.1290  0.2320  0.2160  0.2310  0.2290  0.2280 
 0.0000  0.0000  0.0000  0.0000  0.0000  0.0000  0.0000  0.0000  0.0000  0.0000  0.0000  0.0000  0.0000  0.0000  0.0000  0.2300  1.0000  0.8650  0.7060  0.6670  0.8870  0.4070  0.7080  0.9630  0.9660  0.9630  0.9540  0.5310  0.9520  0.8820  0.9450  0.9390  0.9370 
 0.0000  0.0000  0.0000  0.0000  0.0000  0.0000  0.0000  0.0000  0.0000  0.0000  0.0000  0.0000  0.0000  0.0000  0.0000  0.2100  0.8650  1.0000  0.6570  0.6100  0.8110  0.3720  0.6470  0.8800  0.8830  0.8800  0.8720  0.4860  0.8700  0.8060  0.8640  0.8580  0.8560 
 0.0000  0.0000  0.0000  0.0000  0.0000  0.0000  0.0000  0.0000  0.0000  0.0000  0.0000  0.0000  0.0000  0.0000  0.0000  0.1720  0.7060  0.6570  1.0000  0.7240  0.6680  0.3070  0.5330  0.7250  0.7290  0.7250  0.7190  0.4020  0.7180  0.6640  0.7120  0.7070  0.7070 
 0.0000  0.0000  0.0000  0.0000  0.0000  0.0000  0.0000  0.0000  0.0000  0.0000  0.0000  0.0000  0.0000  0.0000  0.0000  0.1630  0.6670  0.6100  0.7240  1.0000  0.6710  0.2890  0.5050  0.6850  0.6870  0.6850  0.6790  0.3780  0.6770  0.6280  0.6730  0.6680  0.6660 
 0.0000  0.0000  0.0000  0.0000  0.0000  0.0000  0.0000  0.0000  0.0000  0.0000  0.0000  0.0000  0.0000  0.0000  0.0000  0.2170  0.8870  0.8110  0.6680  0.6710  1.0000  0.4370  0.6740  0.9110  0.9140  0.9110  0.9030  0.5040  0.9010  0.8350  0.8950  0.8890  0.8870 
 0.0000  0.0000  0.0000  0.0000  0.0000  0.0000  0.0000  0.0000  0.0000  0.0000  0.0000  0.0000  0.0000  0.0000  0.0000  0.0990  0.4070  0.3720  0.3070  0.2890  0.4370  1.0000  0.3630  0.4170  0.4180  0.4170  0.4140  0.2310  0.4120  0.3830  0.4100  0.4070  0.4060 
 0.0000  0.0000  0.0000  0.0000  0.0000  0.0000  0.0000  0.0000  0.0000  0.0000  0.0000  0.0000  0.0000  0.0000  0.0000  0.1730  0.7080  0.6470  0.5330  0.5050  0.6740  0.3630  1.0000  0.6900  0.7100  0.7120  0.7090  0.3970  0.7080  0.6570  0.7050  0.7010  0.6990 
 0.0000  0.0000  0.0000  0.0000  0.0000  0.0000  0.0000  0.0000  0.0000  0.0000  0.0000  0.0000  0.0000  0.0000  0.0000  0.2350  0.9630  0.8800  0.7250  0.6850  0.9110  0.4170  0.6900  1.0000  0.9950  0.9920  0.9840  0.5540  0.9820  0.9100  0.9760  0.9700  0.9680 
 0.0000  0.0000  0.0000  0.0000  0.0000  0.0000  0.0000  0.0000  0.0000  0.0000  0.0000  0.0000  0.0000  0.0000  0.0000  0.2350  0.9660  0.8830  0.7290  0.6870  0.9140  0.4180  0.7100  0.9950  1.0000  0.9950  0.9880  0.5620  0.9880  0.9150  0.9820  0.9760  0.9760 
 0.0000  0.0000  0.0000  0.0000  0.0000  0.0000  0.0000  0.0000  0.0000  0.0000  0.0000  0.0000  0.0000  0.0000  0.0000  0.2350  0.9630  0.8800  0.7250  0.6850  0.9110  0.4170  0.7120  0.9920  0.9950  1.0000  0.9870  0.5670  0.9850  0.9140  0.9810  0.9760  0.9740 
 0.0000  0.0000  0.0000  0.0000  0.0000  0.0000  0.0000  0.0000  0.0000  0.0000  0.0000  0.0000  0.0000  0.0000  0.0000  0.2330  0.9540  0.8720  0.7190  0.6790  0.9030  0.4140  0.7090  0.9840  0.9880  0.9870  1.0000  0.6680  0.9740  0.9060  0.9740  0.9710  0.9690 
 0.0000  0.0000  0.0000  0.0000  0.0000  0.0000  0.0000  0.0000  0.0000  0.0000  0.0000  0.0000  0.0000  0.0000  0.0000  0.1290  0.5310  0.4860  0.4020  0.3780  0.5040  0.2310  0.3970  0.5540  0.5620  0.5670  0.6680  1.0000  0.5040  0.4790  0.5230  0.5260  0.5280 
 0.0000  0.0000  0.0000  0.0000  0.0000  0.0000  0.0000  0.0000  0.0000  0.0000  0.0000  0.0000  0.0000  0.0000  0.0000  0.2320  0.9520  0.8700  0.7180  0.6770  0.9010  0.4120  0.7080  0.9820  0.9880  0.9850  0.9740  0.5040  1.0000  0.9310  0.9970  0.9950  0.9950 
 0.0000  0.0000  0.0000  0.0000  0.0000  0.0000  0.0000  0.0000  0.0000  0.0000  0.0000  0.0000  0.0000  0.0000  0.0000  0.2160  0.8820  0.8060  0.6640  0.6280  0.8350  0.3830  0.6570  0.9100  0.9150  0.9140  0.9060  0.4790  0.9310  1.0000  0.9190  0.9190  0.9180 
 0.0000  0.0000  0.0000  0.0000  0.0000  0.0000  0.0000  0.0000  0.0000  0.0000  0.0000  0.0000  0.0000  0.0000  0.0000  0.2310  0.9450  0.8640  0.7120  0.6730  0.8950  0.4100  0.7050  0.9760  0.9820  0.9810  0.9740  0.5230  0.9970  0.9190  1.0000  0.9990  0.9980 
 0.0000  0.0000  0.0000  0.0000  0.0000  0.0000  0.0000  0.0000  0.0000  0.0000  0.0000  0.0000  0.0000  0.0000  0.0000  0.2290  0.9390  0.8580  0.7070  0.6680  0.8890  0.4070  0.7010  0.9700  0.9760  0.9760  0.9710  0.5260  0.9950  0.9190  0.9990  1.0000  0.9990 
 0.0000  0.0000  0.0000  0.0000  0.0000  0.0000  0.0000  0.0000  0.0000  0.0000  0.0000  0.0000  0.0000  0.0000  0.0000  0.2280  0.9370  0.8560  0.7070  0.6660  0.8870  0.4060  0.6990  0.9680  0.9760  0.9740  0.9690  0.5280  0.9950  0.9180  0.9980  0.9990  1.0000 
