 1.0000  0.9950  0.9950  0.9900  0.9730  0.9530  0.9260  0.9010  0.8920  0.8690  0.8580  0.8560  0.8250  0.7890  0.7680  0.7680  0.7680  0.7680  0.7680  0.7680  0.7680  0.7680  0.2880  0.0000  0.0000  0.0000  0.0000  0.0000  0.0000  0.0000  0.0000  0.0000  0.0000 
 0.9950  1.0000  0.9950  0.9820  0.9620  0.9370  0.9080  0.8810  0.8710  0.8430  0.8380  0.8410  0.8130  0.7790  0.7610  0.7610  0.7610  0.7610  0.7610  0.7610  0.7610  0.7610  0.2850  0.0000  0.0000  0.0000  0.0000  0.0000  0.0000  0.0000  0.0000  0.0000  0.0000 
 0.9950  0.9950  1.0000  0.9900  0.9730  0.9520  0.9250  0.9000  0.8920  0.8720  0.8660  0.8720  0.8450  0.8140  0.7970  0.7970  0.7970  0.7970  0.7970  0.7970  0.7970  0.7970  0.2970  0.0000  0.0000  0.0000  0.0000  0.0000  0.0000  0.0000  0.0000  0.0000  0.0000 
 0.9900  0.9820  0.9900  1.0000  0.9910  0.9780  0.9530  0.9340  0.9240  0.9160  0.9030  0.9000  0.8710  0.8360  0.8150  0.8150  0.8150  0.8150  0.8150  0.8150  0.8150  0.8150  0.3040  0.0000  0.0000  0.0000  0.0000  0.0000  0.0000  0.0000  0.0000  0.0000  0.0000 
 0.9730  0.9620  0.9730  0.9910  1.0000  0.9910  0.9760  0.9560  0.9480  0.9400  0.9220  0.9140  0.8790  0.8380  0.8190  0.8190  0.8190  0.8190  0.8190  0.8190  0.8190  0.8190  0.3060  0.0000  0.0000  0.0000  0.0000  0.0000  0.0000  0.0000  0.0000  0.0000  0.0000 
 0.9530  0.9370  0.9520  0.9780  0.9910  1.0000  0.9900  0.9770  0.9730  0.9560  0.9440  0.9270  0.8930  0.8550  0.8340  0.8340  0.8340  0.8340  0.8340  0.8340  0.8340  0.8340  0.3110  0.0000  0.0000  0.0000  0.0000  0.0000  0.0000  0.0000  0.0000  0.0000  0.0000 
 0.9260  0.9080  0.9250  0.9530  0.9760  0.9900  1.0000  0.9920  0.9870  0.9690  0.9610  0.9390  0.9010  0.8600  0.8410  0.8410  0.8410  0.8410  0.8410  0.8410  0.8410  0.8410  0.3140  0.0000  0.0000  0.0000  0.0000  0.0000  0.0000  0.0000  0.0000  0.0000  0.0000 
 0.9010  0.8810  0.9000  0.9340  0.9560  0.9770  0.9920  1.0000  0.9840  0.9790  0.9750  0.9480  0.9090  0.8680  0.8460  0.8460  0.8460  0.8460  0.8460  0.8460  0.8460  0.8460  0.3150  0.0000  0.0000  0.0000  0.0000  0.0000  0.0000  0.0000  0.0000  0.0000  0.0000 
 0.8920  0.8710  0.8920  0.9240  0.9480  0.9730  0.9870  0.9840  1.0000  0.9620  0.9650  0.9430  0.9110  0.8820  0.8650  0.8650  0.8650  0.8650  0.8650  0.8650  0.8650  0.8650  0.3210  0.0000  0.0000  0.0000  0.0000  0.0000  0.0000  0.0000  0.0000  0.0000  0.0000 
 0.8690  0.8430  0.8720  0.9160  0.9400  0.9560  0.9690  0.9790  0.9620  1.0000  0.9840  0.9640  0.9290  0.8880  0.8660  0.8660  0.8660  0.8660  0.8660  0.8660  0.8660  0.8660  0.3220  0.0000  0.0000  0.0000  0.0000  0.0000  0.0000  0.0000  0.0000  0.0000  0.0000 
 0.8580  0.8380  0.8660  0.9030  0.9220  0.9440  0.9610  0.9750  0.9650  0.9840  1.0000  0.9880  0.9690  0.9410  0.9240  0.9240  0.9240  0.9240  0.9240  0.9240  0.9240  0.9240  0.3450  0.0000  0.0000  0.0000  0.0000  0.0000  0.0000  0.0000  0.0000  0.0000  0.0000 
 0.8560  0.8410  0.8720  0.9000  0.9140  0.9270  0.9390  0.9480  0.9430  0.9640  0.9880  1.0000  0.9900  0.9720  0.9600  0.9600  0.9600  0.9600  0.9600  0.9600  0.9600  0.9600  0.3580  0.0000  0.0000  0.0000  0.0000  0.0000  0.0000  0.0000  0.0000  0.0000  0.0000 
 0.8250  0.8130  0.8450  0.8710  0.8790  0.8930  0.9010  0.9090  0.9110  0.9290  0.9690  0.9900  1.0000  0.9920  0.9850  0.9850  0.9850  0.9850  0.9850  0.9850  0.9850  0.9850  0.3690  0.0000  0.0000  0.0000  0.0000  0.0000  0.0000  0.0000  0.0000  0.0000  0.0000 
 0.7890  0.7790  0.8140  0.8360  0.8380  0.8550  0.8600  0.8680  0.8820  0.8880  0.9410  0.9720  0.9920  1.0000  0.9960  0.9960  0.9960  0.9960  0.9960  0.9960  0.9960  0.9960  0.3720  0.0000  0.0000  0.0000  0.0000  0.0000  0.0000  0.0000  0.0000  0.0000  0.0000 
 0.7680  0.7610  0.7970  0.8150  0.8190  0.8340  0.8410  0.8460  0.8650  0.8660  0.9240  0.9600  0.9850  0.9960  1.0000  0.9990  0.9990  0.9990  0.9990  0.9990  0.9990  0.9990  0.3720  0.0000  0.0000  0.0000  0.0000  0.0000  0.0000  0.0000  0.0000  0.0000  0.0000 
 0.7680  0.7610  0.7970  0.8150  0.8190  0.8340  0.8410  0.8460  0.8650  0.8660  0.9240  0.9600  0.9850  0.9960  0.9990  1.0000  0.9990  0.9990  0.9990  0.9990  0.9990  0.9990  0.3720  0.0000  0.0000  0.0000  0.0000  0.0000  0.0000  0.0000  0.0000  0.0000  0.0000 
 0.7680  0.7610  0.7970  0.8150  0.8190  0.8340  0.8410  0.8460  0.8650  0.8660  0.9240  0.9600  0.9850  0.9960  0.9990  0.9990  1.0000  0.9990  0.9990  0.9990  0.9990  0.9990  0.3720  0.0000  0.0000  0.0000  0.0000  0.0000  0.0000  0.0000  0.0000  0.0000  0.0000 
 0.7680  0.7610  0.7970  0.8150  0.8190  0.8340  0.8410  0.8460  0.8650  0.8660  0.9240  0.9600  0.9850  0.9960  0.9990  0.9990  0.9990  1.0000  0.9990  0.9990  0.9990  0.9990  0.3720  0.0000  0.0000  0.0000  0.0000  0.0000  0.0000  0.0000  0.0000  0.0000  0.0000 
 0.7680  0.7610  0.7970  0.8150  0.8190  0.8340  0.8410  0.8460  0.8650  0.8660  0.9240  0.9600  0.9850  0.9960  0.9990  0.9990  0.9990  0.9990  1.0000  0.9990  0.9990  0.9990  0.3720  0.0000  0.0000  0.0000  0.0000  0.0000  0.0000  0.0000  0.0000  0.0000  0.0000 
 0.7680  0.7610  0.7970  0.8150  0.8190  0.8340  0.8410  0.8460  0.8650  0.8660  0.9240  0.9600  0.9850  0.9960  0.9990  0.9990  0.9990  0.9990  0.9990  1.0000  0.9990  0.9990  0.3720  0.0000  0.0000  0.0000  0.0000  0.0000  0.0000  0.0000  0.0000  0.0000  0.0000 
 0.7680  0.7610  0.7970  0.8150  0.8190  0.8340  0.8410  0.8460  0.8650  0.8660  0.9240  0.9600  0.9850  0.9960  0.9990  0.9990  0.9990  0.9990  0.9990  0.9990  1.0000  0.9990  0.3720  0.0000  0.0000  0.0000  0.0000  0.0000  0.0000  0.0000  0.0000  0.0000  0.0000 
 0.7680  0.7610  0.7970  0.8150  0.8190  0.8340  0.8410  0.8460  0.8650  0.8660  0.9240  0.9600  0.9850  0.9960  0.9990  0.9990  0.9990  0.9990  0.9990  0.9990  0.9990  1.0000  0.3720  0.0000  0.0000  0.0000  0.0000  0.0000  0.0000  0.0000  0.0000  0.0000  0.0000 
 0.2880  0.2850  0.2970  0.3040  0.3060  0.3110  0.3140  0.3150  0.3210  0.3220  0.3450  0.3580  0.3690  0.3720  0.3720  0.3720  0.3720  0.3720  0.3720  0.3720  0.3720  0.3720  1.0000  0.9240  0.9240  0.9240  0.9240  0.9240  0.9240  0.9240  0.9240  0.0410  0.0000 
 0.0000  0.0000  0.0000  0.0000  0.0000  0.0000  0.0000  0.0000  0.0000  0.0000  0.0000  0.0000  0.0000  0.0000  0.0000  0.0000  0.0000  0.0000  0.0000  0.0000  0.0000  0.0000  0.9240  1.0000  0.9990  0.9990  0.9990  0.9990  0.9990  0.9990  0.9990  0.0450  0.0000 
 0.0000  0.0000  0.0000  0.0000  0.0000  0.0000  0.0000  0.0000  0.0000  0.0000  0.0000  0.0000  0.0000  0.0000  0.0000  0.0000  0.0000  0.0000  0.0000  0.0000  0.0000  0.0000  0.9240  0.9990  1.0000  0.9990  0.9990  0.9990  0.9990  0.9990  0.9990  0.0450  0.0000 
 0.0000  0.0000  0.0000  0.0000  0.0000  0.0000  0.0000  0.0000  0.0000  0.0000  0.0000  0.0000  0.0000  0.0000  0.0000  0.0000  0.0000  0.0000  0.0000  0.0000  0.0000  0.0000  0.9240  0.9990  0.9990  1.0000  0.9990  0.9990  0.9990  0.9990  0.9990  0.0450  0.0000 
 0.0000  0.0000  0.0000  0.0000  0.0000  0.0000  0.0000  0.0000  0.0000  0.0000  0.0000  0.0000  0.0000  0.0000  0.0000  0.0000  0.0000  0.0000  0.0000  0.0000  0.0000  0.0000  0.9240  0.9990  0.9990  0.9990  1.0000  0.9990  0.9990  0.9990  0.9990  0.0450  0.0000 
 0.0000  0.0000  0.0000  0.0000  0.0000  0.0000  0.0000  0.0000  0.0000  0.0000  0.0000  0.0000  0.0000  0.0000  0.0000  0.0000  0.0000  0.0000  0.0000  0.0000  0.0000  0.0000  0.9240  0.9990  0.9990  0.9990  0.9990  1.0000  0.9990  0.9990  0.9990  0.0450  0.0000 
 0.0000  0.0000  0.0000  0.0000  0.0000  0.0000  0.0000  0.0000  0.0000  0.0000  0.0000  0.0000  0.0000  0.0000  0.0000  0.0000  0.0000  0.0000  0.0000  0.0000  0.0000  0.0000  0.9240  0.9990  0.9990  0.9990  0.9990  0.9990  1.0000  0.9990  0.9990  0.0450  0.0000 
 0.0000  0.0000  0.0000  0.0000  0.0000  0.0000  0.0000  0.0000  0.0000  0.0000  0.0000  0.0000  0.0000  0.0000  0.0000  0.0000  0.0000  0.0000  0.0000  0.0000  0.0000  0.0000  0.9240  0.9990  0.9990  0.9990  0.9990  0.9990  0.9990  1.0000  0.9990  0.0450  0.0000 
 0.0000  0.0000  0.0000  0.0000  0.0000  0.0000  0.0000  0.0000  0.0000  0.0000  0.0000  0.0000  0.0000  0.0000  0.0000  0.0000  0.0000  0.0000  0.0000  0.0000  0.0000  0.0000  0.9240  0.9990  0.9990  0.9990  0.9990  0.9990  0.9990  0.9990  1.0000  0.0450  0.0000 
 0.0000  0.0000  0.0000  0.0000  0.0000  0.0000  0.0000  0.0000  0.0000  0.0000  0.0000  0.0000  0.0000  0.0000  0.0000  0.0000  0.0000  0.0000  0.0000  0.0000  0.0000  0.0000  0.0410  0.0450  0.0450  0.0450  0.0450  0.0450  0.0450  0.0450  0.0450  1.0000  0.9960 
 0.0000  0.0000  0.0000  0.0000  0.0000  0.0000  0.0000  0.0000  0.0000  0.0000  0.0000  0.0000  0.0000  0.0000  0.0000  0.0000  0.0000  0.0000  0.0000  0.0000  0.0000  0.0000  0.0000  0.0000  0.0000  0.0000  0.0000  0.0000  0.0000  0.0000  0.0000  0.9960  1.0000 
