 1.0000  0.5660  0.3390  0.3220  0.3220  0.3130  0.2890  0.2610  0.2690  0.2940  0.3580  0.3350  0.2890  0.2840  0.2920  0.2920  0.2920  0.2920  0.2920  0.2920  0.2920  0.2920  0.2790  0.0000  0.0000  0.0000  0.0000  0.0000  0.0000  0.0000  0.0000  0.0000  0.0000 
 0.5660  1.0000  0.8570  0.7630  0.7120  0.5850  0.4220  0.2950  0.3020  0.3820  0.6500  0.7820  0.7640  0.7480  0.7410  0.7410  0.7410  0.7410  0.7410  0.7410  0.7410  0.7410  0.7110  0.0000  0.0000  0.0000  0.0000  0.0000  0.0000  0.0000  0.0000  0.0000  0.0000 
 0.3390  0.8570  1.0000  0.9590  0.9190  0.7980  0.6080  0.4500  0.4040  0.4890  0.7670  0.8610  0.8080  0.7780  0.7680  0.7680  0.7680  0.7680  0.7680  0.7680  0.7680  0.7680  0.7370  0.0000  0.0000  0.0000  0.0000  0.0000  0.0000  0.0000  0.0000  0.0000  0.0000 
 0.3220  0.7630  0.9590  1.0000  0.9900  0.9200  0.7750  0.6490  0.5990  0.6670  0.8590  0.8330  0.7290  0.7010  0.7010  0.7010  0.7010  0.7010  0.7010  0.7010  0.7010  0.7010  0.6720  0.0000  0.0000  0.0000  0.0000  0.0000  0.0000  0.0000  0.0000  0.0000  0.0000 
 0.3220  0.7120  0.9190  0.9900  1.0000  0.9590  0.8420  0.7320  0.6890  0.7490  0.9050  0.8290  0.7040  0.6770  0.6850  0.6850  0.6850  0.6850  0.6850  0.6850  0.6850  0.6850  0.6560  0.0000  0.0000  0.0000  0.0000  0.0000  0.0000  0.0000  0.0000  0.0000  0.0000 
 0.3130  0.5850  0.7980  0.9200  0.9590  1.0000  0.9550  0.8800  0.8390  0.8770  0.9240  0.7310  0.5570  0.5290  0.5470  0.5470  0.5470  0.5470  0.5470  0.5470  0.5470  0.5470  0.5250  0.0000  0.0000  0.0000  0.0000  0.0000  0.0000  0.0000  0.0000  0.0000  0.0000 
 0.2890  0.4220  0.6080  0.7750  0.8420  0.9550  1.0000  0.9730  0.9360  0.9480  0.8770  0.5700  0.3550  0.3310  0.3610  0.3610  0.3610  0.3610  0.3610  0.3610  0.3610  0.3610  0.3450  0.0000  0.0000  0.0000  0.0000  0.0000  0.0000  0.0000  0.0000  0.0000  0.0000 
 0.2610  0.2950  0.4500  0.6490  0.7320  0.8800  0.9730  1.0000  0.9740  0.9670  0.8120  0.4320  0.2010  0.1840  0.2230  0.2230  0.2230  0.2230  0.2230  0.2230  0.2230  0.2230  0.2120  0.0000  0.0000  0.0000  0.0000  0.0000  0.0000  0.0000  0.0000  0.0000  0.0000 
 0.2690  0.3020  0.4040  0.5990  0.6890  0.8390  0.9360  0.9740  1.0000  0.9920  0.8470  0.4850  0.2710  0.2650  0.3090  0.3090  0.3090  0.3090  0.3090  0.3090  0.3090  0.3090  0.2960  0.0000  0.0000  0.0000  0.0000  0.0000  0.0000  0.0000  0.0000  0.0000  0.0000 
 0.2940  0.3820  0.4890  0.6670  0.7490  0.8770  0.9480  0.9670  0.9920  1.0000  0.8950  0.5710  0.3640  0.3550  0.3960  0.3960  0.3960  0.3960  0.3960  0.3960  0.3960  0.3960  0.3810  0.0000  0.0000  0.0000  0.0000  0.0000  0.0000  0.0000  0.0000  0.0000  0.0000 
 0.3580  0.6500  0.7670  0.8590  0.9050  0.9240  0.8770  0.8120  0.8470  0.8950  1.0000  0.8710  0.7290  0.7190  0.7460  0.7460  0.7460  0.7460  0.7460  0.7460  0.7460  0.7460  0.7140  0.0000  0.0000  0.0000  0.0000  0.0000  0.0000  0.0000  0.0000  0.0000  0.0000 
 0.3350  0.7820  0.8610  0.8330  0.8290  0.7310  0.5700  0.4320  0.4850  0.5710  0.8710  1.0000  0.9680  0.9610  0.9660  0.9660  0.9660  0.9660  0.9660  0.9660  0.9660  0.9660  0.9260  0.0000  0.0000  0.0000  0.0000  0.0000  0.0000  0.0000  0.0000  0.0000  0.0000 
 0.2890  0.7640  0.8080  0.7290  0.7040  0.5570  0.3550  0.2010  0.2710  0.3640  0.7290  0.9680  1.0000  0.9970  0.9930  0.9930  0.9930  0.9930  0.9930  0.9930  0.9930  0.9930  0.9530  0.0000  0.0000  0.0000  0.0000  0.0000  0.0000  0.0000  0.0000  0.0000  0.0000 
 0.2840  0.7480  0.7780  0.7010  0.6770  0.5290  0.3310  0.1840  0.2650  0.3550  0.7190  0.9610  0.9970  1.0000  0.9970  0.9970  0.9970  0.9970  0.9970  0.9970  0.9970  0.9970  0.9550  0.0000  0.0000  0.0000  0.0000  0.0000  0.0000  0.0000  0.0000  0.0000  0.0000 
 0.2920  0.7410  0.7680  0.7010  0.6850  0.5470  0.3610  0.2230  0.3090  0.3960  0.7460  0.9660  0.9930  0.9970  1.0000  0.9990  0.9990  0.9990  0.9990  0.9990  0.9990  0.9990  0.9560  0.0000  0.0000  0.0000  0.0000  0.0000  0.0000  0.0000  0.0000  0.0000  0.0000 
 0.2920  0.7410  0.7680  0.7010  0.6850  0.5470  0.3610  0.2230  0.3090  0.3960  0.7460  0.9660  0.9930  0.9970  0.9990  1.0000  0.9990  0.9990  0.9990  0.9990  0.9990  0.9990  0.9560  0.0000  0.0000  0.0000  0.0000  0.0000  0.0000  0.0000  0.0000  0.0000  0.0000 
 0.2920  0.7410  0.7680  0.7010  0.6850  0.5470  0.3610  0.2230  0.3090  0.3960  0.7460  0.9660  0.9930  0.9970  0.9990  0.9990  1.0000  0.9990  0.9990  0.9990  0.9990  0.9990  0.9560  0.0000  0.0000  0.0000  0.0000  0.0000  0.0000  0.0000  0.0000  0.0000  0.0000 
 0.2920  0.7410  0.7680  0.7010  0.6850  0.5470  0.3610  0.2230  0.3090  0.3960  0.7460  0.9660  0.9930  0.9970  0.9990  0.9990  0.9990  1.0000  0.9990  0.9990  0.9990  0.9990  0.9560  0.0000  0.0000  0.0000  0.0000  0.0000  0.0000  0.0000  0.0000  0.0000  0.0000 
 0.2920  0.7410  0.7680  0.7010  0.6850  0.5470  0.3610  0.2230  0.3090  0.3960  0.7460  0.9660  0.9930  0.9970  0.9990  0.9990  0.9990  0.9990  1.0000  0.9990  0.9990  0.9990  0.9560  0.0000  0.0000  0.0000  0.0000  0.0000  0.0000  0.0000  0.0000  0.0000  0.0000 
 0.2920  0.7410  0.7680  0.7010  0.6850  0.5470  0.3610  0.2230  0.3090  0.3960  0.7460  0.9660  0.9930  0.9970  0.9990  0.9990  0.9990  0.9990  0.9990  1.0000  0.9990  0.9990  0.9560  0.0000  0.0000  0.0000  0.0000  0.0000  0.0000  0.0000  0.0000  0.0000  0.0000 
 0.2920  0.7410  0.7680  0.7010  0.6850  0.5470  0.3610  0.2230  0.3090  0.3960  0.7460  0.9660  0.9930  0.9970  0.9990  0.9990  0.9990  0.9990  0.9990  0.9990  1.0000  0.9990  0.9560  0.0000  0.0000  0.0000  0.0000  0.0000  0.0000  0.0000  0.0000  0.0000  0.0000 
 0.2920  0.7410  0.7680  0.7010  0.6850  0.5470  0.3610  0.2230  0.3090  0.3960  0.7460  0.9660  0.9930  0.9970  0.9990  0.9990  0.9990  0.9990  0.9990  0.9990  0.9990  1.0000  0.9560  0.0000  0.0000  0.0000  0.0000  0.0000  0.0000  0.0000  0.0000  0.0000  0.0000 
 0.2790  0.7110  0.7370  0.6720  0.6560  0.5250  0.3450  0.2120  0.2960  0.3810  0.7140  0.9260  0.9530  0.9550  0.9560  0.9560  0.9560  0.9560  0.9560  0.9560  0.9560  0.9560  1.0000  0.2830  0.2830  0.2830  0.2830  0.2830  0.2830  0.2830  0.2830  0.0540  0.0000 
 0.0000  0.0000  0.0000  0.0000  0.0000  0.0000  0.0000  0.0000  0.0000  0.0000  0.0000  0.0000  0.0000  0.0000  0.0000  0.0000  0.0000  0.0000  0.0000  0.0000  0.0000  0.0000  0.2830  1.0000  0.9990  0.9990  0.9990  0.9990  0.9990  0.9990  0.9990  0.1920  0.0000 
 0.0000  0.0000  0.0000  0.0000  0.0000  0.0000  0.0000  0.0000  0.0000  0.0000  0.0000  0.0000  0.0000  0.0000  0.0000  0.0000  0.0000  0.0000  0.0000  0.0000  0.0000  0.0000  0.2830  0.9990  1.0000  0.9990  0.9990  0.9990  0.9990  0.9990  0.9990  0.1920  0.0000 
 0.0000  0.0000  0.0000  0.0000  0.0000  0.0000  0.0000  0.0000  0.0000  0.0000  0.0000  0.0000  0.0000  0.0000  0.0000  0.0000  0.0000  0.0000  0.0000  0.0000  0.0000  0.0000  0.2830  0.9990  0.9990  1.0000  0.9990  0.9990  0.9990  0.9990  0.9990  0.1920  0.0000 
 0.0000  0.0000  0.0000  0.0000  0.0000  0.0000  0.0000  0.0000  0.0000  0.0000  0.0000  0.0000  0.0000  0.0000  0.0000  0.0000  0.0000  0.0000  0.0000  0.0000  0.0000  0.0000  0.2830  0.9990  0.9990  0.9990  1.0000  0.9990  0.9990  0.9990  0.9990  0.1920  0.0000 
 0.0000  0.0000  0.0000  0.0000  0.0000  0.0000  0.0000  0.0000  0.0000  0.0000  0.0000  0.0000  0.0000  0.0000  0.0000  0.0000  0.0000  0.0000  0.0000  0.0000  0.0000  0.0000  0.2830  0.9990  0.9990  0.9990  0.9990  1.0000  0.9990  0.9990  0.9990  0.1920  0.0000 
 0.0000  0.0000  0.0000  0.0000  0.0000  0.0000  0.0000  0.0000  0.0000  0.0000  0.0000  0.0000  0.0000  0.0000  0.0000  0.0000  0.0000  0.0000  0.0000  0.0000  0.0000  0.0000  0.2830  0.9990  0.9990  0.9990  0.9990  0.9990  1.0000  0.9990  0.9990  0.1920  0.0000 
 0.0000  0.0000  0.0000  0.0000  0.0000  0.0000  0.0000  0.0000  0.0000  0.0000  0.0000  0.0000  0.0000  0.0000  0.0000  0.0000  0.0000  0.0000  0.0000  0.0000  0.0000  0.0000  0.2830  0.9990  0.9990  0.9990  0.9990  0.9990  0.9990  1.0000  0.9990  0.1920  0.0000 
 0.0000  0.0000  0.0000  0.0000  0.0000  0.0000  0.0000  0.0000  0.0000  0.0000  0.0000  0.0000  0.0000  0.0000  0.0000  0.0000  0.0000  0.0000  0.0000  0.0000  0.0000  0.0000  0.2830  0.9990  0.9990  0.9990  0.9990  0.9990  0.9990  0.9990  1.0000  0.1920  0.0000 
 0.0000  0.0000  0.0000  0.0000  0.0000  0.0000  0.0000  0.0000  0.0000  0.0000  0.0000  0.0000  0.0000  0.0000  0.0000  0.0000  0.0000  0.0000  0.0000  0.0000  0.0000  0.0000  0.0540  0.1920  0.1920  0.1920  0.1920  0.1920  0.1920  0.1920  0.1920  1.0000  0.9790 
 0.0000  0.0000  0.0000  0.0000  0.0000  0.0000  0.0000  0.0000  0.0000  0.0000  0.0000  0.0000  0.0000  0.0000  0.0000  0.0000  0.0000  0.0000  0.0000  0.0000  0.0000  0.0000  0.0000  0.0000  0.0000  0.0000  0.0000  0.0000  0.0000  0.0000  0.0000  0.9790  1.0000 
