 1.0000  0.5020  0.2070  0.1860  0.1540  0.1290  0.0020 -0.0590 -0.0660 -0.0530 -0.0520 -0.0570 -0.0820 -0.0860 -0.0910 -0.0930 -0.0860  0.0000  0.0000  0.0000  0.0000  0.0000  0.0000  0.0000  0.0000  0.0000  0.0000  0.0000  0.0000  0.0000  0.0000  0.0000  0.0000 
 0.5020  1.0000  0.8080  0.7480  0.6720  0.5900 -0.0150 -0.3490 -0.3880 -0.3630 -0.3640 -0.3820 -0.4130 -0.4270 -0.4340 -0.4380 -0.4040  0.0000  0.0000  0.0000  0.0000  0.0000  0.0000  0.0000  0.0000  0.0000  0.0000  0.0000  0.0000  0.0000  0.0000  0.0000  0.0000 
 0.2070  0.8080  1.0000  0.9900  0.9680  0.9170 -0.1510 -0.6660 -0.7200 -0.6750 -0.6730 -0.6980 -0.7620 -0.7810 -0.7940 -0.8000 -0.7370  0.0000  0.0000  0.0000  0.0000  0.0000  0.0000  0.0000  0.0000  0.0000  0.0000  0.0000  0.0000  0.0000  0.0000  0.0000  0.0000 
 0.1860  0.7480  0.9900  1.0000  0.9900  0.9500 -0.1600 -0.6950 -0.7480 -0.6970 -0.6960 -0.7270 -0.8000 -0.8230 -0.8360 -0.8430 -0.7780  0.0000  0.0000  0.0000  0.0000  0.0000  0.0000  0.0000  0.0000  0.0000  0.0000  0.0000  0.0000  0.0000  0.0000  0.0000  0.0000 
 0.1540  0.6720  0.9680  0.9900  1.0000  0.9760 -0.1480 -0.7030 -0.7590 -0.7000 -0.6980 -0.7320 -0.8170 -0.8430 -0.8590 -0.8680 -0.8010  0.0000  0.0000  0.0000  0.0000  0.0000  0.0000  0.0000  0.0000  0.0000  0.0000  0.0000  0.0000  0.0000  0.0000  0.0000  0.0000 
 0.1290  0.5900  0.9170  0.9500  0.9760  1.0000  0.0000 -0.6000 -0.6660 -0.5890 -0.5840 -0.6200 -0.7340 -0.7690 -0.7910 -0.8040 -0.7440  0.0000  0.0000  0.0000  0.0000  0.0000  0.0000  0.0000  0.0000  0.0000  0.0000  0.0000  0.0000  0.0000  0.0000  0.0000  0.0000 
 0.0020 -0.0150 -0.1510 -0.1600 -0.1480  0.0000  1.0000  0.7960  0.7420  0.7970  0.7980  0.7640  0.6610  0.6180  0.5880  0.5690  0.5190  0.0000  0.0000  0.0000  0.0000  0.0000  0.0000  0.0000  0.0000  0.0000  0.0000  0.0000  0.0000  0.0000  0.0000  0.0000  0.0000 
-0.0590 -0.3490 -0.6660 -0.6950 -0.7030 -0.6000  0.7960  1.0000  0.9940  0.9930  0.9890  0.9810  0.9660  0.9540  0.9420  0.9340  0.8570  0.0000  0.0000  0.0000  0.0000  0.0000  0.0000  0.0000  0.0000  0.0000  0.0000  0.0000  0.0000  0.0000  0.0000  0.0000  0.0000 
-0.0660 -0.3880 -0.7200 -0.7480 -0.7590 -0.6660  0.7420  0.9940  1.0000  0.9900  0.9870  0.9820  0.9780  0.9680  0.9590  0.9550  0.8760  0.0000  0.0000  0.0000  0.0000  0.0000  0.0000  0.0000  0.0000  0.0000  0.0000  0.0000  0.0000  0.0000  0.0000  0.0000  0.0000 
-0.0530 -0.3630 -0.6750 -0.6970 -0.7000 -0.5890  0.7970  0.9930  0.9900  1.0000  0.9970  0.9880  0.9600  0.9420  0.9280  0.9200  0.8420  0.0000  0.0000  0.0000  0.0000  0.0000  0.0000  0.0000  0.0000  0.0000  0.0000  0.0000  0.0000  0.0000  0.0000  0.0000  0.0000 
-0.0520 -0.3640 -0.6730 -0.6960 -0.6980 -0.5840  0.7980  0.9890  0.9870  0.9970  1.0000  0.9920  0.9620  0.9430  0.9290  0.9200  0.8430  0.0000  0.0000  0.0000  0.0000  0.0000  0.0000  0.0000  0.0000  0.0000  0.0000  0.0000  0.0000  0.0000  0.0000  0.0000  0.0000 
-0.0570 -0.3820 -0.6980 -0.7270 -0.7320 -0.6200  0.7640  0.9810  0.9820  0.9880  0.9920  1.0000  0.9770  0.9620  0.9500  0.9400  0.8630  0.0000  0.0000  0.0000  0.0000  0.0000  0.0000  0.0000  0.0000  0.0000  0.0000  0.0000  0.0000  0.0000  0.0000  0.0000  0.0000 
-0.0820 -0.4130 -0.7620 -0.8000 -0.8170 -0.7340  0.6610  0.9660  0.9780  0.9600  0.9620  0.9770  1.0000  0.9960  0.9920  0.9890  0.9070  0.0000  0.0000  0.0000  0.0000  0.0000  0.0000  0.0000  0.0000  0.0000  0.0000  0.0000  0.0000  0.0000  0.0000  0.0000  0.0000 
-0.0860 -0.4270 -0.7810 -0.8230 -0.8430 -0.7690  0.6180  0.9540  0.9680  0.9420  0.9430  0.9620  0.9960  1.0000  0.9980  0.9950  0.9150  0.0000  0.0000  0.0000  0.0000  0.0000  0.0000  0.0000  0.0000  0.0000  0.0000  0.0000  0.0000  0.0000  0.0000  0.0000  0.0000 
-0.0910 -0.4340 -0.7940 -0.8360 -0.8590 -0.7910  0.5880  0.9420  0.9590  0.9280  0.9290  0.9500  0.9920  0.9980  1.0000  0.9970  0.9180  0.0000  0.0000  0.0000  0.0000  0.0000  0.0000  0.0000  0.0000  0.0000  0.0000  0.0000  0.0000  0.0000  0.0000  0.0000  0.0000 
-0.0930 -0.4380 -0.8000 -0.8430 -0.8680 -0.8040  0.5690  0.9340  0.9550  0.9200  0.9200  0.9400  0.9890  0.9950  0.9970  1.0000  0.9180  0.0000  0.0000  0.0000  0.0000  0.0000  0.0000  0.0000  0.0000  0.0000  0.0000  0.0000  0.0000  0.0000  0.0000  0.0000  0.0000 
-0.0860 -0.4040 -0.7370 -0.7780 -0.8010 -0.7440  0.5190  0.8570  0.8760  0.8420  0.8430  0.8630  0.9070  0.9150  0.9180  0.9180  1.0000  0.3890  0.3890  0.3890  0.3890  0.3890  0.3890  0.3890  0.3890  0.3890  0.3890  0.3890  0.3890  0.3890  0.3890  0.0850  0.0000 
 0.0000  0.0000  0.0000  0.0000  0.0000  0.0000  0.0000  0.0000  0.0000  0.0000  0.0000  0.0000  0.0000  0.0000  0.0000  0.0000  0.3890  1.0000  0.9990  0.9990  0.9990  0.9990  0.9990  0.9990  0.9990  0.9990  0.9990  0.9990  0.9990  0.9990  0.9990  0.2180  0.0000 
 0.0000  0.0000  0.0000  0.0000  0.0000  0.0000  0.0000  0.0000  0.0000  0.0000  0.0000  0.0000  0.0000  0.0000  0.0000  0.0000  0.3890  0.9990  1.0000  0.9990  0.9990  0.9990  0.9990  0.9990  0.9990  0.9990  0.9990  0.9990  0.9990  0.9990  0.9990  0.2180  0.0000 
 0.0000  0.0000  0.0000  0.0000  0.0000  0.0000  0.0000  0.0000  0.0000  0.0000  0.0000  0.0000  0.0000  0.0000  0.0000  0.0000  0.3890  0.9990  0.9990  1.0000  0.9990  0.9990  0.9990  0.9990  0.9990  0.9990  0.9990  0.9990  0.9990  0.9990  0.9990  0.2180  0.0000 
 0.0000  0.0000  0.0000  0.0000  0.0000  0.0000  0.0000  0.0000  0.0000  0.0000  0.0000  0.0000  0.0000  0.0000  0.0000  0.0000  0.3890  0.9990  0.9990  0.9990  1.0000  0.9990  0.9990  0.9990  0.9990  0.9990  0.9990  0.9990  0.9990  0.9990  0.9990  0.2180  0.0000 
 0.0000  0.0000  0.0000  0.0000  0.0000  0.0000  0.0000  0.0000  0.0000  0.0000  0.0000  0.0000  0.0000  0.0000  0.0000  0.0000  0.3890  0.9990  0.9990  0.9990  0.9990  1.0000  0.9990  0.9990  0.9990  0.9990  0.9990  0.9990  0.9990  0.9990  0.9990  0.2180  0.0000 
 0.0000  0.0000  0.0000  0.0000  0.0000  0.0000  0.0000  0.0000  0.0000  0.0000  0.0000  0.0000  0.0000  0.0000  0.0000  0.0000  0.3890  0.9990  0.9990  0.9990  0.9990  0.9990  1.0000  0.9990  0.9990  0.9990  0.9990  0.9990  0.9990  0.9990  0.9990  0.2180  0.0000 
 0.0000  0.0000  0.0000  0.0000  0.0000  0.0000  0.0000  0.0000  0.0000  0.0000  0.0000  0.0000  0.0000  0.0000  0.0000  0.0000  0.3890  0.9990  0.9990  0.9990  0.9990  0.9990  0.9990  1.0000  0.9990  0.9990  0.9990  0.9990  0.9990  0.9990  0.9990  0.2180  0.0000 
 0.0000  0.0000  0.0000  0.0000  0.0000  0.0000  0.0000  0.0000  0.0000  0.0000  0.0000  0.0000  0.0000  0.0000  0.0000  0.0000  0.3890  0.9990  0.9990  0.9990  0.9990  0.9990  0.9990  0.9990  1.0000  0.9990  0.9990  0.9990  0.9990  0.9990  0.9990  0.2180  0.0000 
 0.0000  0.0000  0.0000  0.0000  0.0000  0.0000  0.0000  0.0000  0.0000  0.0000  0.0000  0.0000  0.0000  0.0000  0.0000  0.0000  0.3890  0.9990  0.9990  0.9990  0.9990  0.9990  0.9990  0.9990  0.9990  1.0000  0.9990  0.9990  0.9990  0.9990  0.9990  0.2180  0.0000 
 0.0000  0.0000  0.0000  0.0000  0.0000  0.0000  0.0000  0.0000  0.0000  0.0000  0.0000  0.0000  0.0000  0.0000  0.0000  0.0000  0.3890  0.9990  0.9990  0.9990  0.9990  0.9990  0.9990  0.9990  0.9990  0.9990  1.0000  0.9990  0.9990  0.9990  0.9990  0.2180  0.0000 
 0.0000  0.0000  0.0000  0.0000  0.0000  0.0000  0.0000  0.0000  0.0000  0.0000  0.0000  0.0000  0.0000  0.0000  0.0000  0.0000  0.3890  0.9990  0.9990  0.9990  0.9990  0.9990  0.9990  0.9990  0.9990  0.9990  0.9990  1.0000  0.9990  0.9990  0.9990  0.2180  0.0000 
 0.0000  0.0000  0.0000  0.0000  0.0000  0.0000  0.0000  0.0000  0.0000  0.0000  0.0000  0.0000  0.0000  0.0000  0.0000  0.0000  0.3890  0.9990  0.9990  0.9990  0.9990  0.9990  0.9990  0.9990  0.9990  0.9990  0.9990  0.9990  1.0000  0.9990  0.9990  0.2180  0.0000 
 0.0000  0.0000  0.0000  0.0000  0.0000  0.0000  0.0000  0.0000  0.0000  0.0000  0.0000  0.0000  0.0000  0.0000  0.0000  0.0000  0.3890  0.9990  0.9990  0.9990  0.9990  0.9990  0.9990  0.9990  0.9990  0.9990  0.9990  0.9990  0.9990  1.0000  0.9990  0.2180  0.0000 
 0.0000  0.0000  0.0000  0.0000  0.0000  0.0000  0.0000  0.0000  0.0000  0.0000  0.0000  0.0000  0.0000  0.0000  0.0000  0.0000  0.3890  0.9990  0.9990  0.9990  0.9990  0.9990  0.9990  0.9990  0.9990  0.9990  0.9990  0.9990  0.9990  0.9990  1.0000  0.2180  0.0000 
 0.0000  0.0000  0.0000  0.0000  0.0000  0.0000  0.0000  0.0000  0.0000  0.0000  0.0000  0.0000  0.0000  0.0000  0.0000  0.0000  0.0850  0.2180  0.2180  0.2180  0.2180  0.2180  0.2180  0.2180  0.2180  0.2180  0.2180  0.2180  0.2180  0.2180  0.2180  1.0000  0.9730 
 0.0000  0.0000  0.0000  0.0000  0.0000  0.0000  0.0000  0.0000  0.0000  0.0000  0.0000  0.0000  0.0000  0.0000  0.0000  0.0000  0.0000  0.0000  0.0000  0.0000  0.0000  0.0000  0.0000  0.0000  0.0000  0.0000  0.0000  0.0000  0.0000  0.0000  0.0000  0.9730  1.0000 
