 1.0000  0.8560 -0.7010 -0.0740  0.8480  0.9190  0.8090  0.7440  0.6220  0.4970  0.3090  0.2130  0.2120  0.2250  0.2370  0.2460  0.2510  0.2540  0.2540  0.2540  0.2530  0.2530  0.2070  0.0000  0.0000  0.0000  0.0000  0.0000  0.0000  0.0000  0.0000  0.0000  0.0000 
 0.8560  1.0000 -0.9070 -0.5410  0.5120  0.8720  0.9290  0.9010  0.7540  0.5410  0.1900 -0.0230 -0.0650 -0.0690 -0.0620 -0.0550 -0.0480 -0.0430 -0.0390 -0.0340 -0.0310 -0.0310 -0.0240  0.0000  0.0000  0.0000  0.0000  0.0000  0.0000  0.0000  0.0000  0.0000  0.0000 
-0.7010 -0.9070  1.0000  0.7040 -0.4160 -0.8690 -0.9750 -0.9610 -0.8080 -0.5630 -0.1640  0.0870  0.1370  0.1450  0.1380  0.1310  0.1230  0.1160  0.1090  0.1020  0.0990  0.0990  0.0790  0.0000  0.0000  0.0000  0.0000  0.0000  0.0000  0.0000  0.0000  0.0000  0.0000 
-0.0740 -0.5410  0.7040  1.0000  0.3390 -0.2780 -0.5710 -0.6270 -0.5220 -0.2900  0.1170  0.3990  0.4750  0.5070  0.5110  0.5080  0.5030  0.4960  0.4900  0.4800  0.4750  0.4750  0.3860  0.0000  0.0000  0.0000  0.0000  0.0000  0.0000  0.0000  0.0000  0.0000  0.0000 
 0.8480  0.5120 -0.4160  0.3390  1.0000  0.8010  0.5640  0.4760  0.4060  0.3800  0.3750  0.4000  0.4330  0.4610  0.4770  0.4820  0.4870  0.4870  0.4870  0.4820  0.4790  0.4790  0.3900  0.0000  0.0000  0.0000  0.0000  0.0000  0.0000  0.0000  0.0000  0.0000  0.0000 
 0.9190  0.8720 -0.8690 -0.2780  0.8010  1.0000  0.9400  0.8860  0.7520  0.5840  0.3220  0.1690  0.1540  0.1620  0.1760  0.1840  0.1920  0.1950  0.1970  0.1990  0.2010  0.2010  0.1630  0.0000  0.0000  0.0000  0.0000  0.0000  0.0000  0.0000  0.0000  0.0000  0.0000 
 0.8090  0.9290 -0.9750 -0.5710  0.5640  0.9400  1.0000  0.9810  0.8590  0.6540  0.3030  0.0730  0.0320  0.0260  0.0350  0.0430  0.0510  0.0570  0.0610  0.0670  0.0700  0.0700  0.0580  0.0000  0.0000  0.0000  0.0000  0.0000  0.0000  0.0000  0.0000  0.0000  0.0000 
 0.7440  0.9010 -0.9610 -0.6270  0.4760  0.8860  0.9810  1.0000  0.9270  0.7530  0.4070  0.1590  0.1070  0.0940  0.0990  0.1070  0.1160  0.1240  0.1280  0.1350  0.1380  0.1380  0.1140  0.0000  0.0000  0.0000  0.0000  0.0000  0.0000  0.0000  0.0000  0.0000  0.0000 
 0.6220  0.7540 -0.8080 -0.5220  0.4060  0.7520  0.8590  0.9270  1.0000  0.9370  0.6920  0.4630  0.4020  0.3830  0.3840  0.3890  0.3960  0.4030  0.4110  0.4190  0.4230  0.4230  0.3480  0.0000  0.0000  0.0000  0.0000  0.0000  0.0000  0.0000  0.0000  0.0000  0.0000 
 0.4970  0.5410 -0.5630 -0.2900  0.3800  0.5840  0.6540  0.7530  0.9370  1.0000  0.8920  0.7270  0.6710  0.6510  0.6490  0.6530  0.6590  0.6650  0.6710  0.6780  0.6830  0.6830  0.5600  0.0000  0.0000  0.0000  0.0000  0.0000  0.0000  0.0000  0.0000  0.0000  0.0000 
 0.3090  0.1900 -0.1640  0.1170  0.3750  0.3220  0.3030  0.4070  0.6920  0.8920  1.0000  0.9520  0.9240  0.9110  0.9080  0.9090  0.9110  0.9140  0.9170  0.9220  0.9250  0.9250  0.7570  0.0000  0.0000  0.0000  0.0000  0.0000  0.0000  0.0000  0.0000  0.0000  0.0000 
 0.2130 -0.0230  0.0870  0.3990  0.4000  0.1690  0.0730  0.1590  0.4630  0.7270  0.9520  1.0000  0.9920  0.9880  0.9860  0.9850  0.9860  0.9870  0.9890  0.9890  0.9900  0.9900  0.8100  0.0000  0.0000  0.0000  0.0000  0.0000  0.0000  0.0000  0.0000  0.0000  0.0000 
 0.2120 -0.0650  0.1370  0.4750  0.4330  0.1540  0.0320  0.1070  0.4020  0.6710  0.9240  0.9920  1.0000  0.9970  0.9940  0.9960  0.9950  0.9950  0.9940  0.9960  0.9950  0.9950  0.8150  0.0000  0.0000  0.0000  0.0000  0.0000  0.0000  0.0000  0.0000  0.0000  0.0000 
 0.2250 -0.0690  0.1450  0.5070  0.4610  0.1620  0.0260  0.0940  0.3830  0.6510  0.9110  0.9880  0.9970  1.0000  0.9960  0.9970  0.9950  0.9960  0.9960  0.9970  0.9970  0.9970  0.8150  0.0000  0.0000  0.0000  0.0000  0.0000  0.0000  0.0000  0.0000  0.0000  0.0000 
 0.2370 -0.0620  0.1380  0.5110  0.4770  0.1760  0.0350  0.0990  0.3840  0.6490  0.9080  0.9860  0.9940  0.9960  1.0000  0.9970  0.9960  0.9970  0.9960  0.9950  0.9960  0.9960  0.8130  0.0000  0.0000  0.0000  0.0000  0.0000  0.0000  0.0000  0.0000  0.0000  0.0000 
 0.2460 -0.0550  0.1310  0.5080  0.4820  0.1840  0.0430  0.1070  0.3890  0.6530  0.9090  0.9850  0.9960  0.9970  0.9970  1.0000  0.9970  0.9970  0.9950  0.9960  0.9960  0.9960  0.8160  0.0000  0.0000  0.0000  0.0000  0.0000  0.0000  0.0000  0.0000  0.0000  0.0000 
 0.2510 -0.0480  0.1230  0.5030  0.4870  0.1920  0.0510  0.1160  0.3960  0.6590  0.9110  0.9860  0.9950  0.9950  0.9960  0.9970  1.0000  0.9970  0.9970  0.9950  0.9940  0.9940  0.8140  0.0000  0.0000  0.0000  0.0000  0.0000  0.0000  0.0000  0.0000  0.0000  0.0000 
 0.2540 -0.0430  0.1160  0.4960  0.4870  0.1950  0.0570  0.1240  0.4030  0.6650  0.9140  0.9870  0.9950  0.9960  0.9970  0.9970  0.9970  1.0000  0.9970  0.9960  0.9960  0.9960  0.8140  0.0000  0.0000  0.0000  0.0000  0.0000  0.0000  0.0000  0.0000  0.0000  0.0000 
 0.2540 -0.0390  0.1090  0.4900  0.4870  0.1970  0.0610  0.1280  0.4110  0.6710  0.9170  0.9890  0.9940  0.9960  0.9960  0.9950  0.9970  0.9970  1.0000  0.9970  0.9960  0.9960  0.8150  0.0000  0.0000  0.0000  0.0000  0.0000  0.0000  0.0000  0.0000  0.0000  0.0000 
 0.2540 -0.0340  0.1020  0.4800  0.4820  0.1990  0.0670  0.1350  0.4190  0.6780  0.9220  0.9890  0.9960  0.9970  0.9950  0.9960  0.9950  0.9960  0.9970  1.0000  0.9980  0.9980  0.8160  0.0000  0.0000  0.0000  0.0000  0.0000  0.0000  0.0000  0.0000  0.0000  0.0000 
 0.2530 -0.0310  0.0990  0.4750  0.4790  0.2010  0.0700  0.1380  0.4230  0.6830  0.9250  0.9900  0.9950  0.9970  0.9960  0.9960  0.9940  0.9960  0.9960  0.9980  1.0000  0.9990  0.8160  0.0000  0.0000  0.0000  0.0000  0.0000  0.0000  0.0000  0.0000  0.0000  0.0000 
 0.2530 -0.0310  0.0990  0.4750  0.4790  0.2010  0.0700  0.1380  0.4230  0.6830  0.9250  0.9900  0.9950  0.9970  0.9960  0.9960  0.9940  0.9960  0.9960  0.9980  0.9990  1.0000  0.8160  0.0000  0.0000  0.0000  0.0000  0.0000  0.0000  0.0000  0.0000  0.0000  0.0000 
 0.2070 -0.0240  0.0790  0.3860  0.3900  0.1630  0.0580  0.1140  0.3480  0.5600  0.7570  0.8100  0.8150  0.8150  0.8130  0.8160  0.8140  0.8140  0.8150  0.8160  0.8160  0.8160  1.0000  0.0270  0.0030  0.0530  0.0390  0.0330 -0.0840  0.0120 -0.0040 -0.0600 -0.0830 
 0.0000  0.0000  0.0000  0.0000  0.0000  0.0000  0.0000  0.0000  0.0000  0.0000  0.0000  0.0000  0.0000  0.0000  0.0000  0.0000  0.0000  0.0000  0.0000  0.0000  0.0000  0.0000  0.0270  1.0000 -0.0090  0.1060  0.0820  0.0690 -0.1580  0.0280 -0.0040 -0.1090 -0.1480 
 0.0000  0.0000  0.0000  0.0000  0.0000  0.0000  0.0000  0.0000  0.0000  0.0000  0.0000  0.0000  0.0000  0.0000  0.0000  0.0000  0.0000  0.0000  0.0000  0.0000  0.0000  0.0000  0.0030 -0.0090  1.0000  0.1630  0.0950  0.0860 -0.1280  0.0220  0.0000 -0.0870 -0.1100 
 0.0000  0.0000  0.0000  0.0000  0.0000  0.0000  0.0000  0.0000  0.0000  0.0000  0.0000  0.0000  0.0000  0.0000  0.0000  0.0000  0.0000  0.0000  0.0000  0.0000  0.0000  0.0000  0.0530  0.1060  0.1630  1.0000  0.0810  0.0790 -0.2300  0.0210 -0.0140 -0.1430 -0.1810 
 0.0000  0.0000  0.0000  0.0000  0.0000  0.0000  0.0000  0.0000  0.0000  0.0000  0.0000  0.0000  0.0000  0.0000  0.0000  0.0000  0.0000  0.0000  0.0000  0.0000  0.0000  0.0000  0.0390  0.0820  0.0950  0.0810  1.0000  0.1360 -0.3070  0.0030 -0.0240 -0.1760 -0.1920 
 0.0000  0.0000  0.0000  0.0000  0.0000  0.0000  0.0000  0.0000  0.0000  0.0000  0.0000  0.0000  0.0000  0.0000  0.0000  0.0000  0.0000  0.0000  0.0000  0.0000  0.0000  0.0000  0.0330  0.0690  0.0860  0.0790  0.1360  1.0000 -0.5780 -0.0390 -0.0480 -0.2550 -0.2410 
 0.0000  0.0000  0.0000  0.0000  0.0000  0.0000  0.0000  0.0000  0.0000  0.0000  0.0000  0.0000  0.0000  0.0000  0.0000  0.0000  0.0000  0.0000  0.0000  0.0000  0.0000  0.0000 -0.0840 -0.1580 -0.1280 -0.2300 -0.3070 -0.5780  1.0000  0.3050  0.1530  0.1350  0.1760 
 0.0000  0.0000  0.0000  0.0000  0.0000  0.0000  0.0000  0.0000  0.0000  0.0000  0.0000  0.0000  0.0000  0.0000  0.0000  0.0000  0.0000  0.0000  0.0000  0.0000  0.0000  0.0000  0.0120  0.0280  0.0220  0.0210  0.0030 -0.0390  0.3050  1.0000 -0.0250 -0.1680 -0.1570 
 0.0000  0.0000  0.0000  0.0000  0.0000  0.0000  0.0000  0.0000  0.0000  0.0000  0.0000  0.0000  0.0000  0.0000  0.0000  0.0000  0.0000  0.0000  0.0000  0.0000  0.0000  0.0000 -0.0040 -0.0040  0.0000 -0.0140 -0.0240 -0.0480  0.1530 -0.0250  1.0000 -0.3940 -0.2950 
 0.0000  0.0000  0.0000  0.0000  0.0000  0.0000  0.0000  0.0000  0.0000  0.0000  0.0000  0.0000  0.0000  0.0000  0.0000  0.0000  0.0000  0.0000  0.0000  0.0000  0.0000  0.0000 -0.0600 -0.1090 -0.0870 -0.1430 -0.1760 -0.2550  0.1350 -0.1680 -0.3940  1.0000  0.4320 
 0.0000  0.0000  0.0000  0.0000  0.0000  0.0000  0.0000  0.0000  0.0000  0.0000  0.0000  0.0000  0.0000  0.0000  0.0000  0.0000  0.0000  0.0000  0.0000  0.0000  0.0000  0.0000 -0.0830 -0.1480 -0.1100 -0.1810 -0.1920 -0.2410  0.1760 -0.1570 -0.2950  0.4320  1.0000 
