 1.0000  0.6710 -0.5540 -0.4940  0.4070  0.3850  0.3780  0.3600  0.3660  0.4130  0.5140  0.6600  0.7310  0.7280  0.6930  0.6590  0.6370  0.4940  0.0000  0.0000  0.0000  0.0000  0.0000  0.0000  0.0000  0.0000  0.0000  0.0000  0.0000  0.0000  0.0000  0.0000  0.0000 
 0.6710  1.0000 -0.8270 -0.9060  0.5300  0.6280  0.6570  0.6630  0.6870  0.7470  0.8510  0.9520  0.9440  0.8580  0.7670  0.7020  0.6700  0.5180  0.0000  0.0000  0.0000  0.0000  0.0000  0.0000  0.0000  0.0000  0.0000  0.0000  0.0000  0.0000  0.0000  0.0000  0.0000 
-0.5540 -0.8270  1.0000  0.9580 -0.9070 -0.9500 -0.9600 -0.9600 -0.9650 -0.9780 -0.9800 -0.8900 -0.7060 -0.4920 -0.3420 -0.2540 -0.2190 -0.1660  0.0000  0.0000  0.0000  0.0000  0.0000  0.0000  0.0000  0.0000  0.0000  0.0000  0.0000  0.0000  0.0000  0.0000  0.0000 
-0.4940 -0.9060  0.9580  1.0000 -0.7750 -0.8640 -0.8880 -0.8950 -0.9100 -0.9380 -0.9690 -0.9270 -0.7810 -0.5960 -0.4540 -0.3700 -0.3360 -0.2580  0.0000  0.0000  0.0000  0.0000  0.0000  0.0000  0.0000  0.0000  0.0000  0.0000  0.0000  0.0000  0.0000  0.0000  0.0000 
 0.4070  0.5300 -0.9070 -0.7750  1.0000  0.9800  0.9670  0.9600  0.9500  0.9260  0.8620  0.6730  0.4090  0.1590  0.0000 -0.0820 -0.1080 -0.0850  0.0000  0.0000  0.0000  0.0000  0.0000  0.0000  0.0000  0.0000  0.0000  0.0000  0.0000  0.0000  0.0000  0.0000  0.0000 
 0.3850  0.6280 -0.9500 -0.8640  0.9800  1.0000  0.9950  0.9930  0.9890  0.9770  0.9260  0.7530  0.4950  0.2430  0.0780 -0.0070 -0.0350 -0.0280  0.0000  0.0000  0.0000  0.0000  0.0000  0.0000  0.0000  0.0000  0.0000  0.0000  0.0000  0.0000  0.0000  0.0000  0.0000 
 0.3780  0.6570 -0.9600 -0.8880  0.9670  0.9950  1.0000  0.9970  0.9940  0.9860  0.9400  0.7710  0.5180  0.2650  0.1010  0.0120 -0.0140 -0.0140  0.0000  0.0000  0.0000  0.0000  0.0000  0.0000  0.0000  0.0000  0.0000  0.0000  0.0000  0.0000  0.0000  0.0000  0.0000 
 0.3600  0.6630 -0.9600 -0.8950  0.9600  0.9930  0.9970  1.0000  0.9970  0.9880  0.9440  0.7740  0.5200  0.2670  0.1030  0.0140 -0.0130 -0.0120  0.0000  0.0000  0.0000  0.0000  0.0000  0.0000  0.0000  0.0000  0.0000  0.0000  0.0000  0.0000  0.0000  0.0000  0.0000 
 0.3660  0.6870 -0.9650 -0.9100  0.9500  0.9890  0.9940  0.9970  1.0000  0.9920  0.9550  0.7950  0.5470  0.2980  0.1340  0.0450  0.0160  0.0110  0.0000  0.0000  0.0000  0.0000  0.0000  0.0000  0.0000  0.0000  0.0000  0.0000  0.0000  0.0000  0.0000  0.0000  0.0000 
 0.4130  0.7470 -0.9780 -0.9380  0.9260  0.9770  0.9860  0.9880  0.9920  1.0000  0.9790  0.8490  0.6250  0.3870  0.2290  0.1420  0.1140  0.0850  0.0000  0.0000  0.0000  0.0000  0.0000  0.0000  0.0000  0.0000  0.0000  0.0000  0.0000  0.0000  0.0000  0.0000  0.0000 
 0.5140  0.8510 -0.9800 -0.9690  0.8620  0.9260  0.9400  0.9440  0.9550  0.9790  1.0000  0.9340  0.7650  0.5590  0.4140  0.3320  0.3050  0.2340  0.0000  0.0000  0.0000  0.0000  0.0000  0.0000  0.0000  0.0000  0.0000  0.0000  0.0000  0.0000  0.0000  0.0000  0.0000 
 0.6600  0.9520 -0.8900 -0.9270  0.6730  0.7530  0.7710  0.7740  0.7950  0.8490  0.9340  1.0000  0.9390  0.8110  0.7010  0.6360  0.6140  0.4750  0.0000  0.0000  0.0000  0.0000  0.0000  0.0000  0.0000  0.0000  0.0000  0.0000  0.0000  0.0000  0.0000  0.0000  0.0000 
 0.7310  0.9440 -0.7060 -0.7810  0.4090  0.4950  0.5180  0.5200  0.5470  0.6250  0.7650  0.9390  1.0000  0.9590  0.9000  0.8580  0.8400  0.6510  0.0000  0.0000  0.0000  0.0000  0.0000  0.0000  0.0000  0.0000  0.0000  0.0000  0.0000  0.0000  0.0000  0.0000  0.0000 
 0.7280  0.8580 -0.4920 -0.5960  0.1590  0.2430  0.2650  0.2670  0.2980  0.3870  0.5590  0.8110  0.9590  1.0000  0.9830  0.9630  0.9520  0.7390  0.0000  0.0000  0.0000  0.0000  0.0000  0.0000  0.0000  0.0000  0.0000  0.0000  0.0000  0.0000  0.0000  0.0000  0.0000 
 0.6930  0.7670 -0.3420 -0.4540  0.0000  0.0780  0.1010  0.1030  0.1340  0.2290  0.4140  0.7010  0.9000  0.9830  1.0000  0.9930  0.9870  0.7650  0.0000  0.0000  0.0000  0.0000  0.0000  0.0000  0.0000  0.0000  0.0000  0.0000  0.0000  0.0000  0.0000  0.0000  0.0000 
 0.6590  0.7020 -0.2540 -0.3700 -0.0820 -0.0070  0.0120  0.0140  0.0450  0.1420  0.3320  0.6360  0.8580  0.9630  0.9930  1.0000  0.9950  0.7730  0.0000  0.0000  0.0000  0.0000  0.0000  0.0000  0.0000  0.0000  0.0000  0.0000  0.0000  0.0000  0.0000  0.0000  0.0000 
 0.6370  0.6700 -0.2190 -0.3360 -0.1080 -0.0350 -0.0140 -0.0130  0.0160  0.1140  0.3050  0.6140  0.8400  0.9520  0.9870  0.9950  1.0000  0.7750  0.0000  0.0000  0.0000  0.0000  0.0000  0.0000  0.0000  0.0000  0.0000  0.0000  0.0000  0.0000  0.0000  0.0000  0.0000 
 0.4940  0.5180 -0.1660 -0.2580 -0.0850 -0.0280 -0.0140 -0.0120  0.0110  0.0850  0.2340  0.4750  0.6510  0.7390  0.7650  0.7730  0.7750  1.0000  0.6250  0.6250  0.6250  0.6250  0.6250  0.6250  0.6250  0.6250  0.6250  0.6250  0.6250  0.6250  0.6250  0.0940  0.0000 
 0.0000  0.0000  0.0000  0.0000  0.0000  0.0000  0.0000  0.0000  0.0000  0.0000  0.0000  0.0000  0.0000  0.0000  0.0000  0.0000  0.0000  0.6250  1.0000  0.9990  0.9990  0.9990  0.9990  0.9990  0.9990  0.9990  0.9990  0.9990  0.9990  0.9990  0.9990  0.1500  0.0000 
 0.0000  0.0000  0.0000  0.0000  0.0000  0.0000  0.0000  0.0000  0.0000  0.0000  0.0000  0.0000  0.0000  0.0000  0.0000  0.0000  0.0000  0.6250  0.9990  1.0000  0.9990  0.9990  0.9990  0.9990  0.9990  0.9990  0.9990  0.9990  0.9990  0.9990  0.9990  0.1500  0.0000 
 0.0000  0.0000  0.0000  0.0000  0.0000  0.0000  0.0000  0.0000  0.0000  0.0000  0.0000  0.0000  0.0000  0.0000  0.0000  0.0000  0.0000  0.6250  0.9990  0.9990  1.0000  0.9990  0.9990  0.9990  0.9990  0.9990  0.9990  0.9990  0.9990  0.9990  0.9990  0.1500  0.0000 
 0.0000  0.0000  0.0000  0.0000  0.0000  0.0000  0.0000  0.0000  0.0000  0.0000  0.0000  0.0000  0.0000  0.0000  0.0000  0.0000  0.0000  0.6250  0.9990  0.9990  0.9990  1.0000  0.9990  0.9990  0.9990  0.9990  0.9990  0.9990  0.9990  0.9990  0.9990  0.1500  0.0000 
 0.0000  0.0000  0.0000  0.0000  0.0000  0.0000  0.0000  0.0000  0.0000  0.0000  0.0000  0.0000  0.0000  0.0000  0.0000  0.0000  0.0000  0.6250  0.9990  0.9990  0.9990  0.9990  1.0000  0.9990  0.9990  0.9990  0.9990  0.9990  0.9990  0.9990  0.9990  0.1500  0.0000 
 0.0000  0.0000  0.0000  0.0000  0.0000  0.0000  0.0000  0.0000  0.0000  0.0000  0.0000  0.0000  0.0000  0.0000  0.0000  0.0000  0.0000  0.6250  0.9990  0.9990  0.9990  0.9990  0.9990  1.0000  0.9990  0.9990  0.9990  0.9990  0.9990  0.9990  0.9990  0.1500  0.0000 
 0.0000  0.0000  0.0000  0.0000  0.0000  0.0000  0.0000  0.0000  0.0000  0.0000  0.0000  0.0000  0.0000  0.0000  0.0000  0.0000  0.0000  0.6250  0.9990  0.9990  0.9990  0.9990  0.9990  0.9990  1.0000  0.9990  0.9990  0.9990  0.9990  0.9990  0.9990  0.1500  0.0000 
 0.0000  0.0000  0.0000  0.0000  0.0000  0.0000  0.0000  0.0000  0.0000  0.0000  0.0000  0.0000  0.0000  0.0000  0.0000  0.0000  0.0000  0.6250  0.9990  0.9990  0.9990  0.9990  0.9990  0.9990  0.9990  1.0000  0.9990  0.9990  0.9990  0.9990  0.9990  0.1500  0.0000 
 0.0000  0.0000  0.0000  0.0000  0.0000  0.0000  0.0000  0.0000  0.0000  0.0000  0.0000  0.0000  0.0000  0.0000  0.0000  0.0000  0.0000  0.6250  0.9990  0.9990  0.9990  0.9990  0.9990  0.9990  0.9990  0.9990  1.0000  0.9990  0.9990  0.9990  0.9990  0.1500  0.0000 
 0.0000  0.0000  0.0000  0.0000  0.0000  0.0000  0.0000  0.0000  0.0000  0.0000  0.0000  0.0000  0.0000  0.0000  0.0000  0.0000  0.0000  0.6250  0.9990  0.9990  0.9990  0.9990  0.9990  0.9990  0.9990  0.9990  0.9990  1.0000  0.9990  0.9990  0.9990  0.1500  0.0000 
 0.0000  0.0000  0.0000  0.0000  0.0000  0.0000  0.0000  0.0000  0.0000  0.0000  0.0000  0.0000  0.0000  0.0000  0.0000  0.0000  0.0000  0.6250  0.9990  0.9990  0.9990  0.9990  0.9990  0.9990  0.9990  0.9990  0.9990  0.9990  1.0000  0.9990  0.9990  0.1500  0.0000 
 0.0000  0.0000  0.0000  0.0000  0.0000  0.0000  0.0000  0.0000  0.0000  0.0000  0.0000  0.0000  0.0000  0.0000  0.0000  0.0000  0.0000  0.6250  0.9990  0.9990  0.9990  0.9990  0.9990  0.9990  0.9990  0.9990  0.9990  0.9990  0.9990  1.0000  0.9990  0.1500  0.0000 
 0.0000  0.0000  0.0000  0.0000  0.0000  0.0000  0.0000  0.0000  0.0000  0.0000  0.0000  0.0000  0.0000  0.0000  0.0000  0.0000  0.0000  0.6250  0.9990  0.9990  0.9990  0.9990  0.9990  0.9990  0.9990  0.9990  0.9990  0.9990  0.9990  0.9990  1.0000  0.1500  0.0000 
 0.0000  0.0000  0.0000  0.0000  0.0000  0.0000  0.0000  0.0000  0.0000  0.0000  0.0000  0.0000  0.0000  0.0000  0.0000  0.0000  0.0000  0.0940  0.1500  0.1500  0.1500  0.1500  0.1500  0.1500  0.1500  0.1500  0.1500  0.1500  0.1500  0.1500  0.1500  1.0000  0.9840 
 0.0000  0.0000  0.0000  0.0000  0.0000  0.0000  0.0000  0.0000  0.0000  0.0000  0.0000  0.0000  0.0000  0.0000  0.0000  0.0000  0.0000  0.0000  0.0000  0.0000  0.0000  0.0000  0.0000  0.0000  0.0000  0.0000  0.0000  0.0000  0.0000  0.0000  0.0000  0.9840  1.0000 
