 1.0000  0.8520 -0.7570 -0.1360  0.8710  0.9030  0.7900  0.6330  0.6210  0.6780  0.7100  0.7270  0.7600  0.7040  0.6520  0.6110  0.5300  0.4480  0.3470  0.2570  0.1540  0.1290  0.0000  0.0000  0.0000  0.0000  0.0000  0.0000  0.0000  0.0000  0.0000  0.0000  0.0000 
 0.8520  1.0000 -0.9260 -0.6070  0.5590  0.9050  0.9390  0.9050  0.8920  0.8970  0.8790  0.7650  0.5430  0.4000  0.3150  0.2760  0.2280  0.1880  0.1370  0.0960  0.0480  0.0350  0.0000  0.0000  0.0000  0.0000  0.0000  0.0000  0.0000  0.0000  0.0000  0.0000  0.0000 
-0.7570 -0.9260  1.0000  0.6870 -0.5490 -0.9420 -0.9950 -0.9710 -0.9690 -0.9780 -0.9630 -0.8490 -0.5950 -0.4340 -0.3370 -0.2960 -0.2430 -0.1980 -0.1450 -0.1010 -0.0490 -0.0370  0.0000  0.0000  0.0000  0.0000  0.0000  0.0000  0.0000  0.0000  0.0000  0.0000  0.0000 
-0.1360 -0.6070  0.6870  1.0000  0.2200 -0.4170 -0.6560 -0.8230 -0.8220 -0.7480 -0.6700 -0.4270  0.0530  0.2530  0.3420  0.3580  0.3330  0.2930  0.2380  0.1870  0.1300  0.1150  0.0000  0.0000  0.0000  0.0000  0.0000  0.0000  0.0000  0.0000  0.0000  0.0000  0.0000 
 0.8710  0.5590 -0.5490  0.2200  1.0000  0.7870  0.5830  0.3580  0.3550  0.4530  0.5230  0.6480  0.8650  0.8770  0.8510  0.8110  0.7140  0.6080  0.4730  0.3530  0.2200  0.1860  0.0000  0.0000  0.0000  0.0000  0.0000  0.0000  0.0000  0.0000  0.0000  0.0000  0.0000 
 0.9030  0.9050 -0.9420 -0.4170  0.7870  1.0000  0.9560  0.8500  0.8450  0.8910  0.9080  0.8720  0.7730  0.6590  0.5780  0.5320  0.4570  0.3840  0.2950  0.2170  0.1270  0.1050  0.0000  0.0000  0.0000  0.0000  0.0000  0.0000  0.0000  0.0000  0.0000  0.0000  0.0000 
 0.7900  0.9390 -0.9950 -0.6560  0.5830  0.9560  1.0000  0.9630  0.9600  0.9750  0.9650  0.8620  0.6280  0.4700  0.3760  0.3360  0.2830  0.2380  0.1830  0.1340  0.0780  0.0660  0.0000  0.0000  0.0000  0.0000  0.0000  0.0000  0.0000  0.0000  0.0000  0.0000  0.0000 
 0.6330  0.9050 -0.9710 -0.8230  0.3580  0.8500  0.9630  1.0000  0.9960  0.9840  0.9540  0.8040  0.4630  0.2810  0.1790  0.1490  0.1230  0.1050  0.0860  0.0710  0.0510  0.0460  0.0000  0.0000  0.0000  0.0000  0.0000  0.0000  0.0000  0.0000  0.0000  0.0000  0.0000 
 0.6210  0.8920 -0.9690 -0.8220  0.3550  0.8450  0.9600  0.9960  1.0000  0.9890  0.9620  0.8220  0.4810  0.2990  0.2000  0.1720  0.1500  0.1370  0.1220  0.1070  0.0910  0.0850  0.0000  0.0000  0.0000  0.0000  0.0000  0.0000  0.0000  0.0000  0.0000  0.0000  0.0000 
 0.6780  0.8970 -0.9780 -0.7480  0.4530  0.8910  0.9750  0.9840  0.9890  1.0000  0.9880  0.8860  0.5920  0.4210  0.3250  0.2980  0.2740  0.2550  0.2320  0.2060  0.1770  0.1680  0.0000  0.0000  0.0000  0.0000  0.0000  0.0000  0.0000  0.0000  0.0000  0.0000  0.0000 
 0.7100  0.8790 -0.9630 -0.6700  0.5230  0.9080  0.9650  0.9540  0.9620  0.9880  1.0000  0.9410  0.6900  0.5320  0.4440  0.4180  0.4000  0.3830  0.3550  0.3270  0.2890  0.2780  0.0000  0.0000  0.0000  0.0000  0.0000  0.0000  0.0000  0.0000  0.0000  0.0000  0.0000 
 0.7270  0.7650 -0.8490 -0.4270  0.6480  0.8720  0.8620  0.8040  0.8220  0.8860  0.9410  1.0000  0.8700  0.7590  0.6940  0.6820  0.6760  0.6640  0.6330  0.5960  0.5440  0.5290  0.0000  0.0000  0.0000  0.0000  0.0000  0.0000  0.0000  0.0000  0.0000  0.0000  0.0000 
 0.7600  0.5430 -0.5950  0.0530  0.8650  0.7730  0.6280  0.4630  0.4810  0.5920  0.6900  0.8700  1.0000  0.9760  0.9510  0.9380  0.9090  0.8630  0.7910  0.7170  0.6200  0.5950  0.0000  0.0000  0.0000  0.0000  0.0000  0.0000  0.0000  0.0000  0.0000  0.0000  0.0000 
 0.7040  0.4000 -0.4340  0.2530  0.8770  0.6590  0.4700  0.2810  0.2990  0.4210  0.5320  0.7590  0.9760  1.0000  0.9900  0.9840  0.9520  0.9020  0.8220  0.7410  0.6390  0.6110  0.0000  0.0000  0.0000  0.0000  0.0000  0.0000  0.0000  0.0000  0.0000  0.0000  0.0000 
 0.6520  0.3150 -0.3370  0.3420  0.8510  0.5780  0.3760  0.1790  0.2000  0.3250  0.4440  0.6940  0.9510  0.9900  1.0000  0.9930  0.9680  0.9230  0.8470  0.7680  0.6670  0.6400  0.0000  0.0000  0.0000  0.0000  0.0000  0.0000  0.0000  0.0000  0.0000  0.0000  0.0000 
 0.6110  0.2760 -0.2960  0.3580  0.8110  0.5320  0.3360  0.1490  0.1720  0.2980  0.4180  0.6820  0.9380  0.9840  0.9930  1.0000  0.9850  0.9480  0.8820  0.8110  0.7190  0.6920  0.0000  0.0000  0.0000  0.0000  0.0000  0.0000  0.0000  0.0000  0.0000  0.0000  0.0000 
 0.5300  0.2280 -0.2430  0.3330  0.7140  0.4570  0.2830  0.1230  0.1500  0.2740  0.4000  0.6760  0.9090  0.9520  0.9680  0.9850  1.0000  0.9850  0.9450  0.8940  0.8210  0.7990  0.0000  0.0000  0.0000  0.0000  0.0000  0.0000  0.0000  0.0000  0.0000  0.0000  0.0000 
 0.4480  0.1880 -0.1980  0.2930  0.6080  0.3840  0.2380  0.1050  0.1370  0.2550  0.3830  0.6640  0.8630  0.9020  0.9230  0.9480  0.9850  1.0000  0.9810  0.9500  0.8960  0.8800  0.0000  0.0000  0.0000  0.0000  0.0000  0.0000  0.0000  0.0000  0.0000  0.0000  0.0000 
 0.3470  0.1370 -0.1450  0.2380  0.4730  0.2950  0.1830  0.0860  0.1220  0.2320  0.3550  0.6330  0.7910  0.8220  0.8470  0.8820  0.9450  0.9810  1.0000  0.9870  0.9560  0.9460  0.0000  0.0000  0.0000  0.0000  0.0000  0.0000  0.0000  0.0000  0.0000  0.0000  0.0000 
 0.2570  0.0960 -0.1010  0.1870  0.3530  0.2170  0.1340  0.0710  0.1070  0.2060  0.3270  0.5960  0.7170  0.7410  0.7680  0.8110  0.8940  0.9500  0.9870  1.0000  0.9860  0.9800  0.0000  0.0000  0.0000  0.0000  0.0000  0.0000  0.0000  0.0000  0.0000  0.0000  0.0000 
 0.1540  0.0480 -0.0490  0.1300  0.2200  0.1270  0.0780  0.0510  0.0910  0.1770  0.2890  0.5440  0.6200  0.6390  0.6670  0.7190  0.8210  0.8960  0.9560  0.9860  1.0000  0.9940  0.0000  0.0000  0.0000  0.0000  0.0000  0.0000  0.0000  0.0000  0.0000  0.0000  0.0000 
 0.1290  0.0350 -0.0370  0.1150  0.1860  0.1050  0.0660  0.0460  0.0850  0.1680  0.2780  0.5290  0.5950  0.6110  0.6400  0.6920  0.7990  0.8800  0.9460  0.9800  0.9940  1.0000  0.0000  0.0000  0.0000  0.0000  0.0000  0.0000  0.0000  0.0000  0.0000  0.0000  0.0000 
 0.0000  0.0000  0.0000  0.0000  0.0000  0.0000  0.0000  0.0000  0.0000  0.0000  0.0000  0.0000  0.0000  0.0000  0.0000  0.0000  0.0000  0.0000  0.0000  0.0000  0.0000  0.0000  1.0000  0.2140  0.0210  0.0970 -0.0380  0.0810 -0.2270 -0.2130  0.0330  0.0490  0.1380 
 0.0000  0.0000  0.0000  0.0000  0.0000  0.0000  0.0000  0.0000  0.0000  0.0000  0.0000  0.0000  0.0000  0.0000  0.0000  0.0000  0.0000  0.0000  0.0000  0.0000  0.0000  0.0000  0.2140  1.0000 -0.0580  0.0740 -0.1480  0.0660 -0.2780 -0.3150 -0.0380 -0.0120  0.0980 
 0.0000  0.0000  0.0000  0.0000  0.0000  0.0000  0.0000  0.0000  0.0000  0.0000  0.0000  0.0000  0.0000  0.0000  0.0000  0.0000  0.0000  0.0000  0.0000  0.0000  0.0000  0.0000  0.0210 -0.0580  1.0000  0.0830 -0.0250  0.0340 -0.0960 -0.0890  0.0070  0.0180  0.0460 
 0.0000  0.0000  0.0000  0.0000  0.0000  0.0000  0.0000  0.0000  0.0000  0.0000  0.0000  0.0000  0.0000  0.0000  0.0000  0.0000  0.0000  0.0000  0.0000  0.0000  0.0000  0.0000  0.0970  0.0740  0.0830  1.0000 -0.3200  0.0440 -0.2620 -0.3050 -0.0480 -0.0210  0.0850 
 0.0000  0.0000  0.0000  0.0000  0.0000  0.0000  0.0000  0.0000  0.0000  0.0000  0.0000  0.0000  0.0000  0.0000  0.0000  0.0000  0.0000  0.0000  0.0000  0.0000  0.0000  0.0000 -0.0380 -0.1480 -0.0250 -0.3200  1.0000  0.5910 -0.4570 -0.3510 -0.0390 -0.0150  0.0740 
 0.0000  0.0000  0.0000  0.0000  0.0000  0.0000  0.0000  0.0000  0.0000  0.0000  0.0000  0.0000  0.0000  0.0000  0.0000  0.0000  0.0000  0.0000  0.0000  0.0000  0.0000  0.0000  0.0810  0.0660  0.0340  0.0440  0.5910  1.0000 -0.8820 -0.7550 -0.1700 -0.0990  0.0940 
 0.0000  0.0000  0.0000  0.0000  0.0000  0.0000  0.0000  0.0000  0.0000  0.0000  0.0000  0.0000  0.0000  0.0000  0.0000  0.0000  0.0000  0.0000  0.0000  0.0000  0.0000  0.0000 -0.2270 -0.2780 -0.0960 -0.2620 -0.4570 -0.8820  1.0000  0.9270  0.2700  0.1760 -0.0600 
 0.0000  0.0000  0.0000  0.0000  0.0000  0.0000  0.0000  0.0000  0.0000  0.0000  0.0000  0.0000  0.0000  0.0000  0.0000  0.0000  0.0000  0.0000  0.0000  0.0000  0.0000  0.0000 -0.2130 -0.3150 -0.0890 -0.3050 -0.3510 -0.7550  0.9270  1.0000  0.5570  0.4180  0.2380 
 0.0000  0.0000  0.0000  0.0000  0.0000  0.0000  0.0000  0.0000  0.0000  0.0000  0.0000  0.0000  0.0000  0.0000  0.0000  0.0000  0.0000  0.0000  0.0000  0.0000  0.0000  0.0000  0.0330 -0.0380  0.0070 -0.0480 -0.0390 -0.1700  0.2700  0.5570  1.0000  0.8580  0.9240 
 0.0000  0.0000  0.0000  0.0000  0.0000  0.0000  0.0000  0.0000  0.0000  0.0000  0.0000  0.0000  0.0000  0.0000  0.0000  0.0000  0.0000  0.0000  0.0000  0.0000  0.0000  0.0000  0.0490 -0.0120  0.0180 -0.0210 -0.0150 -0.0990  0.1760  0.4180  0.8580  1.0000  0.7600 
 0.0000  0.0000  0.0000  0.0000  0.0000  0.0000  0.0000  0.0000  0.0000  0.0000  0.0000  0.0000  0.0000  0.0000  0.0000  0.0000  0.0000  0.0000  0.0000  0.0000  0.0000  0.0000  0.1380  0.0980  0.0460  0.0850  0.0740  0.0940 -0.0600  0.2380  0.9240  0.7600  1.0000 
