 1.0000  0.5863  0.2792  0.0614  0.0614  0.0620  0.0567  0.0567  0.0531  0.0465  0.0400  0.0304  0.0358  0.0489  0.0668  0.0698  0.0686  0.0686  0.0668  0.0662  0.0650  0.0644  0.0000  0.0000  0.0000  0.0000  0.0000  0.0000  0.0000  0.0000  0.0000  0.0000  0.0000 
 0.5863  1.0000  0.5960  0.2480  0.2170  0.1500  0.1140  0.1140  0.1090  0.0960  0.0800  0.0620  0.0690  0.0990  0.1340  0.1390  0.1370  0.1350  0.1330  0.1310  0.1300  0.1290  0.0000  0.0000  0.0000  0.0000  0.0000  0.0000  0.0000  0.0000  0.0000  0.0000  0.0000 
 0.2792  0.5960  1.0000  0.9120  0.8040  0.4690  0.3310  0.3230  0.3120  0.2810  0.2350  0.1670  0.1960  0.2660  0.3440  0.3500  0.3450  0.3380  0.3340  0.3300  0.3270  0.3260  0.0000  0.0000  0.0000  0.0000  0.0000  0.0000  0.0000  0.0000  0.0000  0.0000  0.0000 
 0.0614  0.2480  0.9120  1.0000  0.9300  0.6130  0.4720  0.4600  0.4470  0.4080  0.3410  0.2370  0.2790  0.3780  0.4780  0.4810  0.4700  0.4600  0.4540  0.4510  0.4450  0.4450  0.0000  0.0000  0.0000  0.0000  0.0000  0.0000  0.0000  0.0000  0.0000  0.0000  0.0000 
 0.0614  0.2170  0.8040  0.9300  1.0000  0.8490  0.7440  0.7350  0.7170  0.6660  0.5800  0.4320  0.4920  0.6320  0.7520  0.7430  0.7140  0.6980  0.6820  0.6730  0.6620  0.6590  0.0000  0.0000  0.0000  0.0000  0.0000  0.0000  0.0000  0.0000  0.0000  0.0000  0.0000 
 0.0620  0.1500  0.4690  0.6130  0.8490  1.0000  0.9770  0.9660  0.9560  0.9070  0.8050  0.6160  0.6920  0.8520  0.9560  0.9190  0.8690  0.8400  0.8180  0.8030  0.7900  0.7860  0.0000  0.0000  0.0000  0.0000  0.0000  0.0000  0.0000  0.0000  0.0000  0.0000  0.0000 
 0.0567  0.1140  0.3310  0.4720  0.7440  0.9770  1.0000  0.9910  0.9890  0.9570  0.8710  0.6910  0.7640  0.9010  0.9470  0.8830  0.8170  0.7800  0.7530  0.7370  0.7220  0.7180  0.0000  0.0000  0.0000  0.0000  0.0000  0.0000  0.0000  0.0000  0.0000  0.0000  0.0000 
 0.0567  0.1140  0.3230  0.4600  0.7350  0.9660  0.9910  1.0000  0.9930  0.9700  0.9070  0.7570  0.8210  0.9420  0.9560  0.8790  0.8010  0.7600  0.7290  0.7080  0.6890  0.6830  0.0000  0.0000  0.0000  0.0000  0.0000  0.0000  0.0000  0.0000  0.0000  0.0000  0.0000 
 0.0531  0.1090  0.3120  0.4470  0.7170  0.9560  0.9890  0.9930  1.0000  0.9830  0.9230  0.7690  0.8320  0.9400  0.9270  0.8380  0.7550  0.7120  0.6790  0.6580  0.6420  0.6350  0.0000  0.0000  0.0000  0.0000  0.0000  0.0000  0.0000  0.0000  0.0000  0.0000  0.0000 
 0.0465  0.0960  0.2810  0.4080  0.6660  0.9070  0.9570  0.9700  0.9830  1.0000  0.9670  0.8410  0.8940  0.9620  0.8700  0.7470  0.6450  0.5940  0.5570  0.5320  0.5110  0.5050  0.0000  0.0000  0.0000  0.0000  0.0000  0.0000  0.0000  0.0000  0.0000  0.0000  0.0000 
 0.0400  0.0800  0.2350  0.3410  0.5800  0.8050  0.8710  0.9070  0.9230  0.9670  1.0000  0.9420  0.9730  0.9800  0.7860  0.6270  0.5000  0.4390  0.3920  0.3620  0.3340  0.3260  0.0000  0.0000  0.0000  0.0000  0.0000  0.0000  0.0000  0.0000  0.0000  0.0000  0.0000 
 0.0304  0.0620  0.1670  0.2370  0.4320  0.6160  0.6910  0.7570  0.7690  0.8410  0.9420  1.0000  0.9900  0.9280  0.6440  0.4560  0.3170  0.2450  0.1890  0.1530  0.1200  0.1110  0.0000  0.0000  0.0000  0.0000  0.0000  0.0000  0.0000  0.0000  0.0000  0.0000  0.0000 
 0.0358  0.0690  0.1960  0.2790  0.4920  0.6920  0.7640  0.8210  0.8320  0.8940  0.9730  0.9900  1.0000  0.9600  0.7080  0.5290  0.3920  0.3240  0.2710  0.2370  0.2030  0.1950  0.0000  0.0000  0.0000  0.0000  0.0000  0.0000  0.0000  0.0000  0.0000  0.0000  0.0000 
 0.0489  0.0990  0.2660  0.3780  0.6320  0.8520  0.9010  0.9420  0.9400  0.9620  0.9800  0.9280  0.9600  1.0000  0.8700  0.7360  0.6210  0.5630  0.5180  0.4890  0.4580  0.4510  0.0000  0.0000  0.0000  0.0000  0.0000  0.0000  0.0000  0.0000  0.0000  0.0000  0.0000 
 0.0668  0.1340  0.3440  0.4780  0.7520  0.9560  0.9470  0.9560  0.9270  0.8700  0.7860  0.6440  0.7080  0.8700  1.0000  0.9700  0.9230  0.8920  0.8670  0.8500  0.8320  0.8270  0.0000  0.0000  0.0000  0.0000  0.0000  0.0000  0.0000  0.0000  0.0000  0.0000  0.0000 
 0.0698  0.1390  0.3500  0.4810  0.7430  0.9190  0.8830  0.8790  0.8380  0.7470  0.6270  0.4560  0.5290  0.7360  0.9700  1.0000  0.9840  0.9710  0.9580  0.9470  0.9340  0.9300  0.0000  0.0000  0.0000  0.0000  0.0000  0.0000  0.0000  0.0000  0.0000  0.0000  0.0000 
 0.0686  0.1370  0.3450  0.4700  0.7140  0.8690  0.8170  0.8010  0.7550  0.6450  0.5000  0.3170  0.3920  0.6210  0.9230  0.9840  1.0000  0.9940  0.9880  0.9820  0.9760  0.9740  0.0000  0.0000  0.0000  0.0000  0.0000  0.0000  0.0000  0.0000  0.0000  0.0000  0.0000 
 0.0686  0.1350  0.3380  0.4600  0.6980  0.8400  0.7800  0.7600  0.7120  0.5940  0.4390  0.2450  0.3240  0.5630  0.8920  0.9710  0.9940  1.0000  0.9960  0.9930  0.9880  0.9860  0.0000  0.0000  0.0000  0.0000  0.0000  0.0000  0.0000  0.0000  0.0000  0.0000  0.0000 
 0.0668  0.1330  0.3340  0.4540  0.6820  0.8180  0.7530  0.7290  0.6790  0.5570  0.3920  0.1890  0.2710  0.5180  0.8670  0.9580  0.9880  0.9960  1.0000  0.9970  0.9940  0.9920  0.0000  0.0000  0.0000  0.0000  0.0000  0.0000  0.0000  0.0000  0.0000  0.0000  0.0000 
 0.0662  0.1310  0.3300  0.4510  0.6730  0.8030  0.7370  0.7080  0.6580  0.5320  0.3620  0.1530  0.2370  0.4890  0.8500  0.9470  0.9820  0.9930  0.9970  1.0000  0.9950  0.9960  0.0000  0.0000  0.0000  0.0000  0.0000  0.0000  0.0000  0.0000  0.0000  0.0000  0.0000 
 0.0650  0.1300  0.3270  0.4450  0.6620  0.7900  0.7220  0.6890  0.6420  0.5110  0.3340  0.1200  0.2030  0.4580  0.8320  0.9340  0.9760  0.9880  0.9940  0.9950  1.0000  0.9970  0.0000  0.0000  0.0000  0.0000  0.0000  0.0000  0.0000  0.0000  0.0000  0.0000  0.0000 
 0.0644  0.1290  0.3260  0.4450  0.6590  0.7860  0.7180  0.6830  0.6350  0.5050  0.3260  0.1110  0.1950  0.4510  0.8270  0.9300  0.9740  0.9860  0.9920  0.9960  0.9970  1.0000  0.0190  0.0190  0.0180  0.0190  0.0190  0.0190  0.0190  0.0180  0.0190  0.0190  0.0180 
 0.0000  0.0000  0.0000  0.0000  0.0000  0.0000  0.0000  0.0000  0.0000  0.0000  0.0000  0.0000  0.0000  0.0000  0.0000  0.0000  0.0000  0.0000  0.0000  0.0000  0.0000  0.0190  1.0000  0.9870  0.9680  0.9830  0.9360  0.9650  0.9570  0.9540  0.9420  0.9900  0.9360 
 0.0000  0.0000  0.0000  0.0000  0.0000  0.0000  0.0000  0.0000  0.0000  0.0000  0.0000  0.0000  0.0000  0.0000  0.0000  0.0000  0.0000  0.0000  0.0000  0.0000  0.0000  0.0190  0.9870  1.0000  0.9650  0.9790  0.9330  0.9630  0.9600  0.9540  0.9420  0.9830  0.9370 
 0.0000  0.0000  0.0000  0.0000  0.0000  0.0000  0.0000  0.0000  0.0000  0.0000  0.0000  0.0000  0.0000  0.0000  0.0000  0.0000  0.0000  0.0000  0.0000  0.0000  0.0000  0.0180  0.9680  0.9650  1.0000  0.9610  0.9160  0.9440  0.9390  0.9360  0.9250  0.9620  0.9180 
 0.0000  0.0000  0.0000  0.0000  0.0000  0.0000  0.0000  0.0000  0.0000  0.0000  0.0000  0.0000  0.0000  0.0000  0.0000  0.0000  0.0000  0.0000  0.0000  0.0000  0.0000  0.0190  0.9830  0.9790  0.9610  1.0000  0.9300  0.9580  0.9550  0.9510  0.9390  0.9780  0.9300 
 0.0000  0.0000  0.0000  0.0000  0.0000  0.0000  0.0000  0.0000  0.0000  0.0000  0.0000  0.0000  0.0000  0.0000  0.0000  0.0000  0.0000  0.0000  0.0000  0.0000  0.0000  0.0190  0.9360  0.9330  0.9160  0.9300  1.0000  0.9120  0.9120  0.9080  0.8990  0.9300  0.8880 
 0.0000  0.0000  0.0000  0.0000  0.0000  0.0000  0.0000  0.0000  0.0000  0.0000  0.0000  0.0000  0.0000  0.0000  0.0000  0.0000  0.0000  0.0000  0.0000  0.0000  0.0000  0.0190  0.9650  0.9630  0.9440  0.9580  0.9120  1.0000  0.9320  0.9320  0.9230  0.9590  0.9160 
 0.0000  0.0000  0.0000  0.0000  0.0000  0.0000  0.0000  0.0000  0.0000  0.0000  0.0000  0.0000  0.0000  0.0000  0.0000  0.0000  0.0000  0.0000  0.0000  0.0000  0.0000  0.0190  0.9570  0.9600  0.9390  0.9550  0.9120  0.9320  1.0000  0.9640  0.9410  0.9630  0.9380 
 0.0000  0.0000  0.0000  0.0000  0.0000  0.0000  0.0000  0.0000  0.0000  0.0000  0.0000  0.0000  0.0000  0.0000  0.0000  0.0000  0.0000  0.0000  0.0000  0.0000  0.0000  0.0180  0.9540  0.9540  0.9360  0.9510  0.9080  0.9320  0.9640  1.0000  0.9840  0.9760  0.9850 
 0.0000  0.0000  0.0000  0.0000  0.0000  0.0000  0.0000  0.0000  0.0000  0.0000  0.0000  0.0000  0.0000  0.0000  0.0000  0.0000  0.0000  0.0000  0.0000  0.0000  0.0000  0.0190  0.9420  0.9420  0.9250  0.9390  0.8990  0.9230  0.9410  0.9840  1.0000  0.9680  0.9860 
 0.0000  0.0000  0.0000  0.0000  0.0000  0.0000  0.0000  0.0000  0.0000  0.0000  0.0000  0.0000  0.0000  0.0000  0.0000  0.0000  0.0000  0.0000  0.0000  0.0000  0.0000  0.0190  0.9900  0.9830  0.9620  0.9780  0.9300  0.9590  0.9630  0.9760  0.9680  1.0000  0.9660 
 0.0000  0.0000  0.0000  0.0000  0.0000  0.0000  0.0000  0.0000  0.0000  0.0000  0.0000  0.0000  0.0000  0.0000  0.0000  0.0000  0.0000  0.0000  0.0000  0.0000  0.0000  0.0180  0.9360  0.9370  0.9180  0.9300  0.8880  0.9160  0.9380  0.9850  0.9860  0.9660  1.0000 
