 1.0000 -0.3480 -0.7650 -0.2800  0.7640  0.5450  0.3510  0.2180  0.0670 -0.0850 -0.2260 -0.3410 -0.3800 -0.3690 -0.3510  0.0000  0.0000  0.0000  0.0000  0.0000  0.0000  0.0000  0.0000  0.0000  0.0000  0.0000  0.0000  0.0000  0.0000  0.0000  0.0000  0.0000  0.0000 
-0.3480  1.0000  0.2450 -0.4320 -0.3290  0.3270  0.4500  0.4350  0.3620  0.2400  0.0770 -0.1660 -0.3830 -0.5120 -0.5590  0.0000  0.0000  0.0000  0.0000  0.0000  0.0000  0.0000  0.0000  0.0000  0.0000  0.0000  0.0000  0.0000  0.0000  0.0000  0.0000  0.0000  0.0000 
-0.7650  0.2450  1.0000  0.6520 -0.7070 -0.8230 -0.6960 -0.6030 -0.4620 -0.2790 -0.0870  0.1410  0.2970  0.3690  0.3920  0.0000  0.0000  0.0000  0.0000  0.0000  0.0000  0.0000  0.0000  0.0000  0.0000  0.0000  0.0000  0.0000  0.0000  0.0000  0.0000  0.0000  0.0000 
-0.2800 -0.4320  0.6520  1.0000 -0.0830 -0.8850 -0.9830 -0.9880 -0.9180 -0.7610 -0.5330 -0.1690  0.1530  0.3540  0.4420  0.0000  0.0000  0.0000  0.0000  0.0000  0.0000  0.0000  0.0000  0.0000  0.0000  0.0000  0.0000  0.0000  0.0000  0.0000  0.0000  0.0000  0.0000 
 0.7640 -0.3290 -0.7070 -0.0830  1.0000  0.5050  0.2070 -0.0020 -0.2380 -0.4550 -0.6220 -0.7190 -0.6950 -0.6220 -0.5670  0.0000  0.0000  0.0000  0.0000  0.0000  0.0000  0.0000  0.0000  0.0000  0.0000  0.0000  0.0000  0.0000  0.0000  0.0000  0.0000  0.0000  0.0000 
 0.5450  0.3270 -0.8230 -0.8850  0.5050  1.0000  0.9400  0.8330  0.6530  0.4050  0.1180 -0.2450 -0.5220 -0.6650 -0.7130  0.0000  0.0000  0.0000  0.0000  0.0000  0.0000  0.0000  0.0000  0.0000  0.0000  0.0000  0.0000  0.0000  0.0000  0.0000  0.0000  0.0000  0.0000 
 0.3510  0.4500 -0.6960 -0.9830  0.2070  0.9400  1.0000  0.9630  0.8500  0.6570  0.4010  0.0220 -0.2940 -0.4840 -0.5610  0.0000  0.0000  0.0000  0.0000  0.0000  0.0000  0.0000  0.0000  0.0000  0.0000  0.0000  0.0000  0.0000  0.0000  0.0000  0.0000  0.0000  0.0000 
 0.2180  0.4350 -0.6030 -0.9880 -0.0020  0.8330  0.9630  1.0000  0.9530  0.8210  0.6120  0.2610 -0.0610 -0.2700 -0.3630  0.0000  0.0000  0.0000  0.0000  0.0000  0.0000  0.0000  0.0000  0.0000  0.0000  0.0000  0.0000  0.0000  0.0000  0.0000  0.0000  0.0000  0.0000 
 0.0670  0.3620 -0.4620 -0.9180 -0.2380  0.6530  0.8500  0.9530  1.0000  0.9470  0.8100  0.5230  0.2140  0.0000 -0.1040  0.0000  0.0000  0.0000  0.0000  0.0000  0.0000  0.0000  0.0000  0.0000  0.0000  0.0000  0.0000  0.0000  0.0000  0.0000  0.0000  0.0000  0.0000 
-0.0850  0.2400 -0.2790 -0.7610 -0.4550  0.4050  0.6570  0.8210  0.9470  1.0000  0.9460  0.7510  0.4920  0.2930  0.1870  0.0000  0.0000  0.0000  0.0000  0.0000  0.0000  0.0000  0.0000  0.0000  0.0000  0.0000  0.0000  0.0000  0.0000  0.0000  0.0000  0.0000  0.0000 
-0.2260  0.0770 -0.0870 -0.5330 -0.6220  0.1180  0.4010  0.6120  0.8100  0.9460  1.0000  0.9140  0.7310  0.5650  0.4670  0.0000  0.0000  0.0000  0.0000  0.0000  0.0000  0.0000  0.0000  0.0000  0.0000  0.0000  0.0000  0.0000  0.0000  0.0000  0.0000  0.0000  0.0000 
-0.3410 -0.1660  0.1410 -0.1690 -0.7190 -0.2450  0.0220  0.2610  0.5230  0.7510  0.9140  1.0000  0.9370  0.8410  0.7640  0.0000  0.0000  0.0000  0.0000  0.0000  0.0000  0.0000  0.0000  0.0000  0.0000  0.0000  0.0000  0.0000  0.0000  0.0000  0.0000  0.0000  0.0000 
-0.3800 -0.3830  0.2970  0.1530 -0.6950 -0.5220 -0.2940 -0.0610  0.2140  0.4920  0.7310  0.9370  1.0000  0.9740  0.9270  0.0000  0.0000  0.0000  0.0000  0.0000  0.0000  0.0000  0.0000  0.0000  0.0000  0.0000  0.0000  0.0000  0.0000  0.0000  0.0000  0.0000  0.0000 
-0.3690 -0.5120  0.3690  0.3540 -0.6220 -0.6650 -0.4840 -0.2700  0.0000  0.2930  0.5650  0.8410  0.9740  1.0000  0.9750  0.0000  0.0000  0.0000  0.0000  0.0000  0.0000  0.0000  0.0000  0.0000  0.0000  0.0000  0.0000  0.0000  0.0000  0.0000  0.0000  0.0000  0.0000 
-0.3510 -0.5590  0.3920  0.4420 -0.5670 -0.7130 -0.5610 -0.3630 -0.1040  0.1870  0.4670  0.7640  0.9270  0.9750  1.0000  0.0290  0.0200  0.0200  0.0220  0.0180  0.0130  0.0280  0.0140  0.0200  0.0150  0.0110  0.0080  0.0080  0.0050  0.0030  0.0030  0.0030  0.0010 
 0.0000  0.0000  0.0000  0.0000  0.0000  0.0000  0.0000  0.0000  0.0000  0.0000  0.0000  0.0000  0.0000  0.0000  0.0290  1.0000  0.3680  0.4240  0.4500  0.3920  0.2680  0.5330  0.3170  0.3950  0.3220  0.2570  0.1920  0.1530  0.1310  0.1130  0.0990  0.0950  0.0950 
 0.0000  0.0000  0.0000  0.0000  0.0000  0.0000  0.0000  0.0000  0.0000  0.0000  0.0000  0.0000  0.0000  0.0000  0.0200  0.3680  1.0000  0.4950  0.5130  0.4420  0.3090  0.5920  0.3520  0.4410  0.3600  0.2880  0.2170  0.1720  0.1460  0.1300  0.1130  0.1080  0.1070 
 0.0000  0.0000  0.0000  0.0000  0.0000  0.0000  0.0000  0.0000  0.0000  0.0000  0.0000  0.0000  0.0000  0.0000  0.0200  0.4240  0.4950  1.0000  0.5510  0.4720  0.3280  0.6310  0.3760  0.4740  0.3910  0.3110  0.2360  0.1900  0.1650  0.1450  0.1290  0.1230  0.1220 
 0.0000  0.0000  0.0000  0.0000  0.0000  0.0000  0.0000  0.0000  0.0000  0.0000  0.0000  0.0000  0.0000  0.0000  0.0220  0.4500  0.5130  0.5510  1.0000  0.4870  0.3360  0.6470  0.3960  0.5080  0.4250  0.3500  0.2750  0.2270  0.1990  0.1810  0.1650  0.1580  0.1590 
 0.0000  0.0000  0.0000  0.0000  0.0000  0.0000  0.0000  0.0000  0.0000  0.0000  0.0000  0.0000  0.0000  0.0000  0.0180  0.3920  0.4420  0.4720  0.4870  1.0000  0.2780  0.5510  0.3470  0.4610  0.3940  0.3290  0.2660  0.2270  0.2050  0.1890  0.1750  0.1700  0.1700 
 0.0000  0.0000  0.0000  0.0000  0.0000  0.0000  0.0000  0.0000  0.0000  0.0000  0.0000  0.0000  0.0000  0.0000  0.0130  0.2680  0.3090  0.3280  0.3360  0.2780  1.0000  0.3060  0.2600  0.3560  0.3150  0.2770  0.2370  0.2110  0.1960  0.1840  0.1750  0.1720  0.1710 
 0.0000  0.0000  0.0000  0.0000  0.0000  0.0000  0.0000  0.0000  0.0000  0.0000  0.0000  0.0000  0.0000  0.0000  0.0280  0.5330  0.5920  0.6310  0.6470  0.5510  0.3060  1.0000  0.5910  0.8210  0.7360  0.6500  0.5650  0.5080  0.4780  0.4560  0.4340  0.4270  0.4260 
 0.0000  0.0000  0.0000  0.0000  0.0000  0.0000  0.0000  0.0000  0.0000  0.0000  0.0000  0.0000  0.0000  0.0000  0.0140  0.3170  0.3520  0.3760  0.3960  0.3470  0.2600  0.5910  1.0000  0.5370  0.5140  0.4800  0.4420  0.4150  0.3980  0.3870  0.3750  0.3730  0.3720 
 0.0000  0.0000  0.0000  0.0000  0.0000  0.0000  0.0000  0.0000  0.0000  0.0000  0.0000  0.0000  0.0000  0.0000  0.0200  0.3950  0.4410  0.4740  0.5080  0.4610  0.3560  0.8210  0.5370  1.0000  0.9800  0.9520  0.9130  0.8830  0.8660  0.8490  0.8380  0.8330  0.8340 
 0.0000  0.0000  0.0000  0.0000  0.0000  0.0000  0.0000  0.0000  0.0000  0.0000  0.0000  0.0000  0.0000  0.0000  0.0150  0.3220  0.3600  0.3910  0.4250  0.3940  0.3150  0.7360  0.5140  0.9800  1.0000  0.9850  0.9630  0.9430  0.9310  0.9210  0.9130  0.9100  0.9090 
 0.0000  0.0000  0.0000  0.0000  0.0000  0.0000  0.0000  0.0000  0.0000  0.0000  0.0000  0.0000  0.0000  0.0000  0.0110  0.2570  0.2880  0.3110  0.3500  0.3290  0.2770  0.6500  0.4800  0.9520  0.9850  1.0000  0.9870  0.9760  0.9650  0.9610  0.9530  0.9520  0.9520 
 0.0000  0.0000  0.0000  0.0000  0.0000  0.0000  0.0000  0.0000  0.0000  0.0000  0.0000  0.0000  0.0000  0.0000  0.0080  0.1920  0.2170  0.2360  0.2750  0.2660  0.2370  0.5650  0.4420  0.9130  0.9630  0.9870  1.0000  0.9920  0.9860  0.9840  0.9800  0.9780  0.9790 
 0.0000  0.0000  0.0000  0.0000  0.0000  0.0000  0.0000  0.0000  0.0000  0.0000  0.0000  0.0000  0.0000  0.0000  0.0080  0.1530  0.1720  0.1900  0.2270  0.2270  0.2110  0.5080  0.4150  0.8830  0.9430  0.9760  0.9920  1.0000  0.9920  0.9910  0.9880  0.9880  0.9870 
 0.0000  0.0000  0.0000  0.0000  0.0000  0.0000  0.0000  0.0000  0.0000  0.0000  0.0000  0.0000  0.0000  0.0000  0.0050  0.1310  0.1460  0.1650  0.1990  0.2050  0.1960  0.4780  0.3980  0.8660  0.9310  0.9650  0.9860  0.9920  1.0000  0.9930  0.9930  0.9920  0.9920 
 0.0000  0.0000  0.0000  0.0000  0.0000  0.0000  0.0000  0.0000  0.0000  0.0000  0.0000  0.0000  0.0000  0.0000  0.0030  0.1130  0.1300  0.1450  0.1810  0.1890  0.1840  0.4560  0.3870  0.8490  0.9210  0.9610  0.9840  0.9910  0.9930  1.0000  0.9940  0.9930  0.9920 
 0.0000  0.0000  0.0000  0.0000  0.0000  0.0000  0.0000  0.0000  0.0000  0.0000  0.0000  0.0000  0.0000  0.0000  0.0030  0.0990  0.1130  0.1290  0.1650  0.1750  0.1750  0.4340  0.3750  0.8380  0.9130  0.9530  0.9800  0.9880  0.9930  0.9940  1.0000  0.9930  0.9950 
 0.0000  0.0000  0.0000  0.0000  0.0000  0.0000  0.0000  0.0000  0.0000  0.0000  0.0000  0.0000  0.0000  0.0000  0.0030  0.0950  0.1080  0.1230  0.1580  0.1700  0.1720  0.4270  0.3730  0.8330  0.9100  0.9520  0.9780  0.9880  0.9920  0.9930  0.9930  1.0000  0.9930 
 0.0000  0.0000  0.0000  0.0000  0.0000  0.0000  0.0000  0.0000  0.0000  0.0000  0.0000  0.0000  0.0000  0.0000  0.0010  0.0950  0.1070  0.1220  0.1590  0.1700  0.1710  0.4260  0.3720  0.8340  0.9090  0.9520  0.9790  0.9870  0.9920  0.9920  0.9950  0.9930  1.0000 
