 1.0000  0.3275  0.0588  0.0022  0.0018  0.0033  0.0011  0.0000  0.0007  0.0026  0.0051  0.0051  0.0011  0.0000 -0.0007  0.0000  0.0000  0.0000  0.0000  0.0000  0.0000  0.0000  0.0000  0.0000  0.0000  0.0000  0.0000  0.0000  0.0000  0.0000  0.0000  0.0000  0.0000 
 0.3275  1.0000  0.5280  0.3020  0.1400  0.0470 -0.0440 -0.0900 -0.0870 -0.0730 -0.0160  0.0330  0.0000 -0.0150 -0.0240  0.0000  0.0000  0.0000  0.0000  0.0000  0.0000  0.0000  0.0000  0.0000  0.0000  0.0000  0.0000  0.0000  0.0000  0.0000  0.0000  0.0000  0.0000 
 0.0588  0.5280  1.0000  0.8780  0.3370  0.1350  0.0000 -0.0560 -0.0600 -0.0500  0.0080  0.0690  0.0470  0.0250  0.0020  0.0000  0.0000  0.0000  0.0000  0.0000  0.0000  0.0000  0.0000  0.0000  0.0000  0.0000  0.0000  0.0000  0.0000  0.0000  0.0000  0.0000  0.0000 
 0.0022  0.3020  0.8780  1.0000  0.4950  0.3220  0.2360  0.1960  0.1510  0.1290  0.1350  0.0920  0.1450  0.1650  0.1250  0.0000  0.0000  0.0000  0.0000  0.0000  0.0000  0.0000  0.0000  0.0000  0.0000  0.0000  0.0000  0.0000  0.0000  0.0000  0.0000  0.0000  0.0000 
 0.0018  0.1400  0.3370  0.4950  1.0000  0.8120  0.4970  0.3660  0.2120  0.1160  0.1450  0.0810  0.3110  0.4320  0.3820  0.0000  0.0000  0.0000  0.0000  0.0000  0.0000  0.0000  0.0000  0.0000  0.0000  0.0000  0.0000  0.0000  0.0000  0.0000  0.0000  0.0000  0.0000 
 0.0033  0.0470  0.1350  0.3220  0.8120  1.0000  0.8700  0.7640  0.6920  0.6330  0.6610  0.5930  0.7320  0.7300  0.6020  0.0000  0.0000  0.0000  0.0000  0.0000  0.0000  0.0000  0.0000  0.0000  0.0000  0.0000  0.0000  0.0000  0.0000  0.0000  0.0000  0.0000  0.0000 
 0.0011 -0.0440  0.0000  0.2360  0.4970  0.8700  1.0000  0.9710  0.9410  0.8890  0.8460  0.7300  0.8630  0.8330  0.6950  0.0000  0.0000  0.0000  0.0000  0.0000  0.0000  0.0000  0.0000  0.0000  0.0000  0.0000  0.0000  0.0000  0.0000  0.0000  0.0000  0.0000  0.0000 
 0.0000 -0.0900 -0.0560  0.1960  0.3660  0.7640  0.9710  1.0000  0.9700  0.9100  0.8250  0.6790  0.8200  0.8030  0.6780  0.0000  0.0000  0.0000  0.0000  0.0000  0.0000  0.0000  0.0000  0.0000  0.0000  0.0000  0.0000  0.0000  0.0000  0.0000  0.0000  0.0000  0.0000 
 0.0007 -0.0870 -0.0600  0.1510  0.2120  0.6920  0.9410  0.9700  1.0000  0.9760  0.9130  0.7900  0.8290  0.7430  0.5990  0.0000  0.0000  0.0000  0.0000  0.0000  0.0000  0.0000  0.0000  0.0000  0.0000  0.0000  0.0000  0.0000  0.0000  0.0000  0.0000  0.0000  0.0000 
 0.0026 -0.0730 -0.0500  0.1290  0.1160  0.6330  0.8890  0.9100  0.9760  1.0000  0.9630  0.8460  0.7870  0.6420  0.4800  0.0000  0.0000  0.0000  0.0000  0.0000  0.0000  0.0000  0.0000  0.0000  0.0000  0.0000  0.0000  0.0000  0.0000  0.0000  0.0000  0.0000  0.0000 
 0.0051 -0.0160  0.0080  0.1350  0.1450  0.6610  0.8460  0.8250  0.9130  0.9630  1.0000  0.9300  0.7920  0.5950  0.4160  0.0000  0.0000  0.0000  0.0000  0.0000  0.0000  0.0000  0.0000  0.0000  0.0000  0.0000  0.0000  0.0000  0.0000  0.0000  0.0000  0.0000  0.0000 
 0.0051  0.0330  0.0690  0.0920  0.0810  0.5930  0.7300  0.6790  0.7900  0.8460  0.9300  1.0000  0.8530  0.6390  0.4750  0.0000  0.0000  0.0000  0.0000  0.0000  0.0000  0.0000  0.0000  0.0000  0.0000  0.0000  0.0000  0.0000  0.0000  0.0000  0.0000  0.0000  0.0000 
 0.0011  0.0000  0.0470  0.1450  0.3110  0.7320  0.8630  0.8200  0.8290  0.7870  0.7920  0.8530  1.0000  0.9400  0.8270  0.0000  0.0000  0.0000  0.0000  0.0000  0.0000  0.0000  0.0000  0.0000  0.0000  0.0000  0.0000  0.0000  0.0000  0.0000  0.0000  0.0000  0.0000 
 0.0000 -0.0150  0.0250  0.1650  0.4320  0.7300  0.8330  0.8030  0.7430  0.6420  0.5950  0.6390  0.9400  1.0000  0.9330  0.0000  0.0000  0.0000  0.0000  0.0000  0.0000  0.0000  0.0000  0.0000  0.0000  0.0000  0.0000  0.0000  0.0000  0.0000  0.0000  0.0000  0.0000 
-0.0007 -0.0240  0.0020  0.1250  0.3820  0.6020  0.6950  0.6780  0.5990  0.4800  0.4160  0.4750  0.8270  0.9330  1.0000  0.2220  0.2210  0.2190  0.2180  0.2050  0.2100  0.2110  0.2220  0.1840  0.1850  0.1890  0.1940  0.1990  0.1990  0.2000  0.2000  0.2020  0.2020 
 0.0000  0.0000  0.0000  0.0000  0.0000  0.0000  0.0000  0.0000  0.0000  0.0000  0.0000  0.0000  0.0000  0.0000  0.2220  1.0000  0.9180  0.9130  0.9080  0.8520  0.8640  0.8370  0.8740  0.7730  0.7780  0.7980  0.8150  0.8240  0.8260  0.8280  0.8310  0.8290  0.8300 
 0.0000  0.0000  0.0000  0.0000  0.0000  0.0000  0.0000  0.0000  0.0000  0.0000  0.0000  0.0000  0.0000  0.0000  0.2210  0.9180  1.0000  0.9000  0.8960  0.8380  0.8520  0.8250  0.8620  0.7630  0.7660  0.7830  0.8000  0.8130  0.8150  0.8180  0.8180  0.8190  0.8190 
 0.0000  0.0000  0.0000  0.0000  0.0000  0.0000  0.0000  0.0000  0.0000  0.0000  0.0000  0.0000  0.0000  0.0000  0.2190  0.9130  0.9000  1.0000  0.8950  0.8380  0.8520  0.8260  0.8640  0.7550  0.7590  0.7790  0.7990  0.8070  0.8120  0.8120  0.8160  0.8160  0.8160 
 0.0000  0.0000  0.0000  0.0000  0.0000  0.0000  0.0000  0.0000  0.0000  0.0000  0.0000  0.0000  0.0000  0.0000  0.2180  0.9080  0.8960  0.8950  1.0000  0.8370  0.8530  0.8280  0.8690  0.7490  0.7530  0.7740  0.7950  0.8030  0.8110  0.8120  0.8140  0.8150  0.8150 
 0.0000  0.0000  0.0000  0.0000  0.0000  0.0000  0.0000  0.0000  0.0000  0.0000  0.0000  0.0000  0.0000  0.0000  0.2050  0.8520  0.8380  0.8380  0.8370  1.0000  0.7940  0.7770  0.8150  0.6940  0.6980  0.7150  0.7390  0.7470  0.7510  0.7570  0.7590  0.7580  0.7580 
 0.0000  0.0000  0.0000  0.0000  0.0000  0.0000  0.0000  0.0000  0.0000  0.0000  0.0000  0.0000  0.0000  0.0000  0.2100  0.8640  0.8520  0.8520  0.8530  0.7940  1.0000  0.7980  0.8440  0.7110  0.7130  0.7320  0.7530  0.7640  0.7660  0.7690  0.7720  0.7730  0.7730 
 0.0000  0.0000  0.0000  0.0000  0.0000  0.0000  0.0000  0.0000  0.0000  0.0000  0.0000  0.0000  0.0000  0.0000  0.2110  0.8370  0.8250  0.8260  0.8280  0.7770  0.7980  1.0000  0.8450  0.7110  0.7140  0.7300  0.7460  0.7550  0.7570  0.7610  0.7590  0.7580  0.7600 
 0.0000  0.0000  0.0000  0.0000  0.0000  0.0000  0.0000  0.0000  0.0000  0.0000  0.0000  0.0000  0.0000  0.0000  0.2220  0.8740  0.8620  0.8640  0.8690  0.8150  0.8440  0.8450  1.0000  0.7450  0.7430  0.7590  0.7780  0.7850  0.7900  0.7920  0.7930  0.7940  0.7950 
 0.0000  0.0000  0.0000  0.0000  0.0000  0.0000  0.0000  0.0000  0.0000  0.0000  0.0000  0.0000  0.0000  0.0000  0.1840  0.7730  0.7630  0.7550  0.7490  0.6940  0.7110  0.7110  0.7450  1.0000  0.9880  0.9770  0.9570  0.9370  0.9200  0.9090  0.8960  0.8940  0.8940 
 0.0000  0.0000  0.0000  0.0000  0.0000  0.0000  0.0000  0.0000  0.0000  0.0000  0.0000  0.0000  0.0000  0.0000  0.1850  0.7780  0.7660  0.7590  0.7530  0.6980  0.7130  0.7140  0.7430  0.9880  1.0000  0.9890  0.9760  0.9570  0.9450  0.9350  0.9230  0.9190  0.9200 
 0.0000  0.0000  0.0000  0.0000  0.0000  0.0000  0.0000  0.0000  0.0000  0.0000  0.0000  0.0000  0.0000  0.0000  0.1890  0.7980  0.7830  0.7790  0.7740  0.7150  0.7320  0.7300  0.7590  0.9770  0.9890  1.0000  0.9880  0.9770  0.9710  0.9610  0.9540  0.9500  0.9490 
 0.0000  0.0000  0.0000  0.0000  0.0000  0.0000  0.0000  0.0000  0.0000  0.0000  0.0000  0.0000  0.0000  0.0000  0.1940  0.8150  0.8000  0.7990  0.7950  0.7390  0.7530  0.7460  0.7780  0.9570  0.9760  0.9880  1.0000  0.9920  0.9860  0.9820  0.9760  0.9750  0.9740 
 0.0000  0.0000  0.0000  0.0000  0.0000  0.0000  0.0000  0.0000  0.0000  0.0000  0.0000  0.0000  0.0000  0.0000  0.1990  0.8240  0.8130  0.8070  0.8030  0.7470  0.7640  0.7550  0.7850  0.9370  0.9570  0.9770  0.9920  1.0000  0.9920  0.9890  0.9860  0.9850  0.9850 
 0.0000  0.0000  0.0000  0.0000  0.0000  0.0000  0.0000  0.0000  0.0000  0.0000  0.0000  0.0000  0.0000  0.0000  0.1990  0.8260  0.8150  0.8120  0.8110  0.7510  0.7660  0.7570  0.7900  0.9200  0.9450  0.9710  0.9860  0.9920  1.0000  0.9930  0.9910  0.9900  0.9900 
 0.0000  0.0000  0.0000  0.0000  0.0000  0.0000  0.0000  0.0000  0.0000  0.0000  0.0000  0.0000  0.0000  0.0000  0.2000  0.8280  0.8180  0.8120  0.8120  0.7570  0.7690  0.7610  0.7920  0.9090  0.9350  0.9610  0.9820  0.9890  0.9930  1.0000  0.9930  0.9920  0.9920 
 0.0000  0.0000  0.0000  0.0000  0.0000  0.0000  0.0000  0.0000  0.0000  0.0000  0.0000  0.0000  0.0000  0.0000  0.2000  0.8310  0.8180  0.8160  0.8140  0.7590  0.7720  0.7590  0.7930  0.8960  0.9230  0.9540  0.9760  0.9860  0.9910  0.9930  1.0000  0.9930  0.9930 
 0.0000  0.0000  0.0000  0.0000  0.0000  0.0000  0.0000  0.0000  0.0000  0.0000  0.0000  0.0000  0.0000  0.0000  0.2020  0.8290  0.8190  0.8160  0.8150  0.7580  0.7730  0.7580  0.7940  0.8940  0.9190  0.9500  0.9750  0.9850  0.9900  0.9920  0.9930  1.0000  0.9920 
 0.0000  0.0000  0.0000  0.0000  0.0000  0.0000  0.0000  0.0000  0.0000  0.0000  0.0000  0.0000  0.0000  0.0000  0.2020  0.8300  0.8190  0.8160  0.8150  0.7580  0.7730  0.7600  0.7950  0.8940  0.9200  0.9490  0.9740  0.9850  0.9900  0.9920  0.9930  0.9920  1.0000 
