 1.0000  0.8450  0.5840  0.5590  0.5580  0.5570  0.0000  0.0000  0.0000  0.0000  0.0000  0.0000  0.0000  0.0000  0.0000  0.0000  0.0000  0.0000  0.0000  0.0000  0.0000  0.0000  0.0000  0.0000  0.0000  0.0000  0.0000  0.0000  0.0000  0.0000  0.0000  0.0000  0.0000 
 0.8450  1.0000  0.9210  0.9070  0.9040  0.9020  0.0000  0.0000  0.0000  0.0000  0.0000  0.0000  0.0000  0.0000  0.0000  0.0000  0.0000  0.0000  0.0000  0.0000  0.0000  0.0000  0.0000  0.0000  0.0000  0.0000  0.0000  0.0000  0.0000  0.0000  0.0000  0.0000  0.0000 
 0.5840  0.9210  1.0000  0.9950  0.9940  0.9900  0.0000  0.0000  0.0000  0.0000  0.0000  0.0000  0.0000  0.0000  0.0000  0.0000  0.0000  0.0000  0.0000  0.0000  0.0000  0.0000  0.0000  0.0000  0.0000  0.0000  0.0000  0.0000  0.0000  0.0000  0.0000  0.0000  0.0000 
 0.5590  0.9070  0.9950  1.0000  0.9980  0.9940  0.0000  0.0000  0.0000  0.0000  0.0000  0.0000  0.0000  0.0000  0.0000  0.0000  0.0000  0.0000  0.0000  0.0000  0.0000  0.0000  0.0000  0.0000  0.0000  0.0000  0.0000  0.0000  0.0000  0.0000  0.0000  0.0000  0.0000 
 0.5580  0.9040  0.9940  0.9980  1.0000  0.9950  0.0000  0.0000  0.0000  0.0000  0.0000  0.0000  0.0000  0.0000  0.0000  0.0000  0.0000  0.0000  0.0000  0.0000  0.0000  0.0000  0.0000  0.0000  0.0000  0.0000  0.0000  0.0000  0.0000  0.0000  0.0000  0.0000  0.0000 
 0.5570  0.9020  0.9900  0.9940  0.9950  1.0000  0.0230  0.0200  0.0180  0.0190  0.0190  0.0200  0.0180  0.0180  0.0180  0.0190  0.0150  0.0150  0.0150  0.0150  0.0150  0.0150  0.0070  0.0000  0.0000  0.0000  0.0000  0.0000  0.0000  0.0000  0.0000  0.0000  0.0000 
 0.0000  0.0000  0.0000  0.0000  0.0000  0.0230  1.0000  0.8270  0.7770  0.7970  0.7850  0.7550  0.7510  0.7440  0.7210  0.7560  0.6560  0.6560  0.6560  0.6560  0.6560  0.6560  0.3110  0.0000  0.0000  0.0000  0.0000  0.0000  0.0000  0.0000  0.0000  0.0000  0.0000 
 0.0000  0.0000  0.0000  0.0000  0.0000  0.0200  0.8270  1.0000  0.7600  0.7640  0.7490  0.7200  0.7160  0.7110  0.6860  0.7220  0.6250  0.6250  0.6250  0.6250  0.6250  0.6250  0.2950  0.0000  0.0000  0.0000  0.0000  0.0000  0.0000  0.0000  0.0000  0.0000  0.0000 
 0.0000  0.0000  0.0000  0.0000  0.0000  0.0180  0.7770  0.7600  1.0000  0.7260  0.7080  0.6810  0.6780  0.6730  0.6490  0.6840  0.5920  0.5920  0.5920  0.5920  0.5920  0.5920  0.2790  0.0000  0.0000  0.0000  0.0000  0.0000  0.0000  0.0000  0.0000  0.0000  0.0000 
 0.0000  0.0000  0.0000  0.0000  0.0000  0.0190  0.7970  0.7640  0.7260  1.0000  0.7920  0.6990  0.6950  0.6900  0.6660  0.7010  0.6070  0.6070  0.6070  0.6070  0.6070  0.6070  0.2860  0.0000  0.0000  0.0000  0.0000  0.0000  0.0000  0.0000  0.0000  0.0000  0.0000 
 0.0000  0.0000  0.0000  0.0000  0.0000  0.0190  0.7850  0.7490  0.7080  0.7920  1.0000  0.7360  0.6850  0.6760  0.6560  0.6870  0.5960  0.5960  0.5960  0.5960  0.5960  0.5960  0.2830  0.0000  0.0000  0.0000  0.0000  0.0000  0.0000  0.0000  0.0000  0.0000  0.0000 
 0.0000  0.0000  0.0000  0.0000  0.0000  0.0200  0.7550  0.7200  0.6810  0.6990  0.7360  1.0000  0.8860  0.6530  0.6290  0.6630  0.5730  0.5730  0.5730  0.5730  0.5730  0.5730  0.2710  0.0000  0.0000  0.0000  0.0000  0.0000  0.0000  0.0000  0.0000  0.0000  0.0000 
 0.0000  0.0000  0.0000  0.0000  0.0000  0.0180  0.7510  0.7160  0.6780  0.6950  0.6850  0.8860  1.0000  0.8120  0.6280  0.6570  0.5700  0.5700  0.5700  0.5700  0.5700  0.5700  0.2710  0.0000  0.0000  0.0000  0.0000  0.0000  0.0000  0.0000  0.0000  0.0000  0.0000 
 0.0000  0.0000  0.0000  0.0000  0.0000  0.0180  0.7440  0.7110  0.6730  0.6900  0.6760  0.6530  0.8120  1.0000  0.6650  0.6540  0.5640  0.5640  0.5640  0.5640  0.5640  0.5640  0.2680  0.0000  0.0000  0.0000  0.0000  0.0000  0.0000  0.0000  0.0000  0.0000  0.0000 
 0.0000  0.0000  0.0000  0.0000  0.0000  0.0180  0.7210  0.6860  0.6490  0.6660  0.6560  0.6290  0.6280  0.6650  1.0000  0.8990  0.5480  0.5480  0.5480  0.5480  0.5480  0.5480  0.2590  0.0000  0.0000  0.0000  0.0000  0.0000  0.0000  0.0000  0.0000  0.0000  0.0000 
 0.0000  0.0000  0.0000  0.0000  0.0000  0.0190  0.7560  0.7220  0.6840  0.7010  0.6870  0.6630  0.6570  0.6540  0.8990  1.0000  0.8350  0.8350  0.8350  0.8350  0.8350  0.8350  0.3960  0.0000  0.0000  0.0000  0.0000  0.0000  0.0000  0.0000  0.0000  0.0000  0.0000 
 0.0000  0.0000  0.0000  0.0000  0.0000  0.0150  0.6560  0.6250  0.5920  0.6070  0.5960  0.5730  0.5700  0.5640  0.5480  0.8350  1.0000  0.9990  0.9990  0.9990  0.9990  0.9990  0.4710  0.0000  0.0000  0.0000  0.0000  0.0000  0.0000  0.0000  0.0000  0.0000  0.0000 
 0.0000  0.0000  0.0000  0.0000  0.0000  0.0150  0.6560  0.6250  0.5920  0.6070  0.5960  0.5730  0.5700  0.5640  0.5480  0.8350  0.9990  1.0000  0.9990  0.9990  0.9990  0.9990  0.4710  0.0000  0.0000  0.0000  0.0000  0.0000  0.0000  0.0000  0.0000  0.0000  0.0000 
 0.0000  0.0000  0.0000  0.0000  0.0000  0.0150  0.6560  0.6250  0.5920  0.6070  0.5960  0.5730  0.5700  0.5640  0.5480  0.8350  0.9990  0.9990  1.0000  0.9990  0.9990  0.9990  0.4710  0.0000  0.0000  0.0000  0.0000  0.0000  0.0000  0.0000  0.0000  0.0000  0.0000 
 0.0000  0.0000  0.0000  0.0000  0.0000  0.0150  0.6560  0.6250  0.5920  0.6070  0.5960  0.5730  0.5700  0.5640  0.5480  0.8350  0.9990  0.9990  0.9990  1.0000  0.9990  0.9990  0.4710  0.0000  0.0000  0.0000  0.0000  0.0000  0.0000  0.0000  0.0000  0.0000  0.0000 
 0.0000  0.0000  0.0000  0.0000  0.0000  0.0150  0.6560  0.6250  0.5920  0.6070  0.5960  0.5730  0.5700  0.5640  0.5480  0.8350  0.9990  0.9990  0.9990  0.9990  1.0000  0.9990  0.4710  0.0000  0.0000  0.0000  0.0000  0.0000  0.0000  0.0000  0.0000  0.0000  0.0000 
 0.0000  0.0000  0.0000  0.0000  0.0000  0.0150  0.6560  0.6250  0.5920  0.6070  0.5960  0.5730  0.5700  0.5640  0.5480  0.8350  0.9990  0.9990  0.9990  0.9990  0.9990  1.0000  0.4710  0.0000  0.0000  0.0000  0.0000  0.0000  0.0000  0.0000  0.0000  0.0000  0.0000 
 0.0000  0.0000  0.0000  0.0000  0.0000  0.0070  0.3110  0.2950  0.2790  0.2860  0.2830  0.2710  0.2710  0.2680  0.2590  0.3960  0.4710  0.4710  0.4710  0.4710  0.4710  0.4710  1.0000  0.8760  0.8760  0.8760  0.8760  0.8760  0.8760  0.8760  0.8760  0.8760  0.8760 
 0.0000  0.0000  0.0000  0.0000  0.0000  0.0000  0.0000  0.0000  0.0000  0.0000  0.0000  0.0000  0.0000  0.0000  0.0000  0.0000  0.0000  0.0000  0.0000  0.0000  0.0000  0.0000  0.8760  1.0000  0.9990  0.9990  0.9990  0.9990  0.9990  0.9990  0.9990  0.9990  0.9990 
 0.0000  0.0000  0.0000  0.0000  0.0000  0.0000  0.0000  0.0000  0.0000  0.0000  0.0000  0.0000  0.0000  0.0000  0.0000  0.0000  0.0000  0.0000  0.0000  0.0000  0.0000  0.0000  0.8760  0.9990  1.0000  0.9990  0.9990  0.9990  0.9990  0.9990  0.9990  0.9990  0.9990 
 0.0000  0.0000  0.0000  0.0000  0.0000  0.0000  0.0000  0.0000  0.0000  0.0000  0.0000  0.0000  0.0000  0.0000  0.0000  0.0000  0.0000  0.0000  0.0000  0.0000  0.0000  0.0000  0.8760  0.9990  0.9990  1.0000  0.9990  0.9990  0.9990  0.9990  0.9990  0.9990  0.9990 
 0.0000  0.0000  0.0000  0.0000  0.0000  0.0000  0.0000  0.0000  0.0000  0.0000  0.0000  0.0000  0.0000  0.0000  0.0000  0.0000  0.0000  0.0000  0.0000  0.0000  0.0000  0.0000  0.8760  0.9990  0.9990  0.9990  1.0000  0.9990  0.9990  0.9990  0.9990  0.9990  0.9990 
 0.0000  0.0000  0.0000  0.0000  0.0000  0.0000  0.0000  0.0000  0.0000  0.0000  0.0000  0.0000  0.0000  0.0000  0.0000  0.0000  0.0000  0.0000  0.0000  0.0000  0.0000  0.0000  0.8760  0.9990  0.9990  0.9990  0.9990  1.0000  0.9990  0.9990  0.9990  0.9990  0.9990 
 0.0000  0.0000  0.0000  0.0000  0.0000  0.0000  0.0000  0.0000  0.0000  0.0000  0.0000  0.0000  0.0000  0.0000  0.0000  0.0000  0.0000  0.0000  0.0000  0.0000  0.0000  0.0000  0.8760  0.9990  0.9990  0.9990  0.9990  0.9990  1.0000  0.9990  0.9990  0.9990  0.9990 
 0.0000  0.0000  0.0000  0.0000  0.0000  0.0000  0.0000  0.0000  0.0000  0.0000  0.0000  0.0000  0.0000  0.0000  0.0000  0.0000  0.0000  0.0000  0.0000  0.0000  0.0000  0.0000  0.8760  0.9990  0.9990  0.9990  0.9990  0.9990  0.9990  1.0000  0.9990  0.9990  0.9990 
 0.0000  0.0000  0.0000  0.0000  0.0000  0.0000  0.0000  0.0000  0.0000  0.0000  0.0000  0.0000  0.0000  0.0000  0.0000  0.0000  0.0000  0.0000  0.0000  0.0000  0.0000  0.0000  0.8760  0.9990  0.9990  0.9990  0.9990  0.9990  0.9990  0.9990  1.0000  0.9990  0.9990 
 0.0000  0.0000  0.0000  0.0000  0.0000  0.0000  0.0000  0.0000  0.0000  0.0000  0.0000  0.0000  0.0000  0.0000  0.0000  0.0000  0.0000  0.0000  0.0000  0.0000  0.0000  0.0000  0.8760  0.9990  0.9990  0.9990  0.9990  0.9990  0.9990  0.9990  0.9990  1.0000  0.9990 
 0.0000  0.0000  0.0000  0.0000  0.0000  0.0000  0.0000  0.0000  0.0000  0.0000  0.0000  0.0000  0.0000  0.0000  0.0000  0.0000  0.0000  0.0000  0.0000  0.0000  0.0000  0.0000  0.8760  0.9990  0.9990  0.9990  0.9990  0.9990  0.9990  0.9990  0.9990  0.9990  1.0000 
