 1.0000 -0.2570 -0.1570  0.3650  0.3230  0.2750  0.0780  0.2100  0.2860  0.3040  0.1740  0.0000  0.0000  0.0000  0.0000  0.0000  0.0000  0.0000  0.0000  0.0000  0.0000  0.0000  0.0000  0.0000  0.0000  0.0000  0.0000  0.0000  0.0000  0.0000  0.0000  0.0000  0.0000 
-0.2570  1.0000  0.4480 -0.3280 -0.3730 -0.3470 -0.0580 -0.1790 -0.2680 -0.2930 -0.1710  0.0000  0.0000  0.0000  0.0000  0.0000  0.0000  0.0000  0.0000  0.0000  0.0000  0.0000  0.0000  0.0000  0.0000  0.0000  0.0000  0.0000  0.0000  0.0000  0.0000  0.0000  0.0000 
-0.1570  0.4480  1.0000 -0.1790 -0.3050 -0.3010 -0.1430 -0.2540 -0.3130 -0.3310 -0.1880  0.0000  0.0000  0.0000  0.0000  0.0000  0.0000  0.0000  0.0000  0.0000  0.0000  0.0000  0.0000  0.0000  0.0000  0.0000  0.0000  0.0000  0.0000  0.0000  0.0000  0.0000  0.0000 
 0.3650 -0.3280 -0.1790  1.0000  0.3690  0.3060  0.0410  0.1660  0.2530  0.2760  0.1600  0.0000  0.0000  0.0000  0.0000  0.0000  0.0000  0.0000  0.0000  0.0000  0.0000  0.0000  0.0000  0.0000  0.0000  0.0000  0.0000  0.0000  0.0000  0.0000  0.0000  0.0000  0.0000 
 0.3230 -0.3730 -0.3050  0.3690  1.0000  0.4060  0.0810  0.2090  0.2960  0.3200  0.1850  0.0000  0.0000  0.0000  0.0000  0.0000  0.0000  0.0000  0.0000  0.0000  0.0000  0.0000  0.0000  0.0000  0.0000  0.0000  0.0000  0.0000  0.0000  0.0000  0.0000  0.0000  0.0000 
 0.2750 -0.3470 -0.3010  0.3060  0.4060  1.0000  0.3180  0.3680  0.3920  0.3820  0.3420  0.2380  0.2360  0.2370  0.2370  0.2360  0.2340  0.1670  0.1650  0.1490  0.1240  0.0860  0.0820  0.0420  0.0390  0.0660  0.1180  0.1420  0.2260  0.2250  0.2280  0.2290  0.2390 
 0.0780 -0.0580 -0.1430  0.0410  0.0810  0.3180  1.0000  0.7870  0.5860  0.4810  0.6880  0.8190  0.8260  0.8260  0.8240  0.8180  0.8150  0.5820  0.5760  0.5250  0.4330  0.2970  0.2860  0.1480  0.1370  0.2290  0.4200  0.5000  0.7770  0.7820  0.7890  0.7970  0.8270 
 0.2100 -0.1790 -0.2540  0.1660  0.2090  0.3680  0.7870  1.0000  0.6700  0.5580  0.6450  0.6460  0.6490  0.6500  0.6490  0.6430  0.6410  0.4580  0.4530  0.4120  0.3400  0.2350  0.2240  0.1160  0.1080  0.1820  0.3270  0.3930  0.6130  0.6140  0.6230  0.6270  0.6500 
 0.2860 -0.2680 -0.3130  0.2530  0.2960  0.3920  0.5860  0.6700  1.0000  0.5660  0.5370  0.4490  0.4510  0.4520  0.4500  0.4480  0.4460  0.3190  0.3150  0.2870  0.2370  0.1640  0.1580  0.0820  0.0750  0.1240  0.2280  0.2720  0.4250  0.4280  0.4320  0.4360  0.4530 
 0.3040 -0.2930 -0.3310  0.2760  0.3200  0.3820  0.4810  0.5580  0.5660  1.0000  0.4830  0.3370  0.3390  0.3400  0.3390  0.3360  0.3350  0.2390  0.2370  0.2150  0.1780  0.1210  0.1170  0.0610  0.0560  0.0930  0.1730  0.2050  0.3190  0.3220  0.3240  0.3270  0.3390 
 0.1740 -0.1710 -0.1880  0.1600  0.1850  0.3420  0.6880  0.6450  0.5370  0.4830  1.0000  0.7110  0.7100  0.7090  0.7080  0.7070  0.6940  0.4640  0.4600  0.4180  0.3450  0.2390  0.2290  0.1180  0.1100  0.1840  0.3330  0.3980  0.6230  0.6250  0.6320  0.6360  0.6630 
 0.0000  0.0000  0.0000  0.0000  0.0000  0.2380  0.8190  0.6460  0.4490  0.3370  0.7110  1.0000  0.9970  0.9970  0.9970  0.9950  0.9750  0.6460  0.6390  0.5820  0.4810  0.3300  0.3180  0.1650  0.1540  0.2550  0.4630  0.5520  0.8650  0.8680  0.8770  0.8840  0.9190 
 0.0000  0.0000  0.0000  0.0000  0.0000  0.2360  0.8260  0.6490  0.4510  0.3390  0.7100  0.9970  1.0000  0.9980  0.9970  0.9960  0.9780  0.6500  0.6430  0.5860  0.4850  0.3330  0.3190  0.1650  0.1550  0.2570  0.4680  0.5580  0.8690  0.8730  0.8820  0.8900  0.9230 
 0.0000  0.0000  0.0000  0.0000  0.0000  0.2370  0.8260  0.6500  0.4520  0.3400  0.7090  0.9970  0.9980  1.0000  0.9980  0.9970  0.9800  0.6500  0.6430  0.5860  0.4850  0.3330  0.3200  0.1650  0.1540  0.2560  0.4680  0.5580  0.8700  0.8750  0.8830  0.8910  0.9240 
 0.0000  0.0000  0.0000  0.0000  0.0000  0.2370  0.8240  0.6490  0.4500  0.3390  0.7080  0.9970  0.9970  0.9980  1.0000  0.9970  0.9800  0.6480  0.6410  0.5850  0.4840  0.3320  0.3190  0.1660  0.1530  0.2560  0.4660  0.5560  0.8690  0.8720  0.8810  0.8890  0.9220 
 0.0000  0.0000  0.0000  0.0000  0.0000  0.2360  0.8180  0.6430  0.4480  0.3360  0.7070  0.9950  0.9960  0.9970  0.9970  1.0000  0.9790  0.6450  0.6380  0.5810  0.4810  0.3310  0.3180  0.1660  0.1530  0.2540  0.4630  0.5520  0.8610  0.8660  0.8740  0.8820  0.9160 
 0.0000  0.0000  0.0000  0.0000  0.0000  0.2340  0.8150  0.6410  0.4460  0.3350  0.6940  0.9750  0.9780  0.9800  0.9800  0.9790  1.0000  0.6570  0.6400  0.5790  0.4800  0.3290  0.3170  0.1640  0.1520  0.2530  0.4610  0.5490  0.8550  0.8590  0.8680  0.8770  0.9090 
 0.0000  0.0000  0.0000  0.0000  0.0000  0.1670  0.5820  0.4580  0.3190  0.2390  0.4640  0.6460  0.6500  0.6500  0.6480  0.6450  0.6570  1.0000  0.4430  0.3960  0.3380  0.2320  0.2240  0.1160  0.1110  0.1710  0.3190  0.3760  0.5820  0.5850  0.5920  0.5990  0.6280 
 0.0000  0.0000  0.0000  0.0000  0.0000  0.1650  0.5760  0.4530  0.3150  0.2370  0.4600  0.6390  0.6430  0.6430  0.6410  0.6380  0.6400  0.4430  1.0000  0.3850  0.3400  0.2320  0.2250  0.1150  0.1100  0.1720  0.3200  0.3780  0.5880  0.5900  0.5970  0.6040  0.6300 
 0.0000  0.0000  0.0000  0.0000  0.0000  0.1490  0.5250  0.4120  0.2870  0.2150  0.4180  0.5820  0.5860  0.5860  0.5850  0.5810  0.5790  0.3960  0.3850  1.0000  0.3430  0.2160  0.2090  0.1060  0.1040  0.1550  0.2900  0.3420  0.5300  0.5320  0.5390  0.5460  0.5710 
 0.0000  0.0000  0.0000  0.0000  0.0000  0.1240  0.4330  0.3400  0.2370  0.1780  0.3450  0.4810  0.4850  0.4850  0.4840  0.4810  0.4800  0.3380  0.3400  0.3430  1.0000  0.1690  0.1710  0.0880  0.0860  0.1240  0.2350  0.2760  0.4270  0.4290  0.4340  0.4410  0.4640 
 0.0000  0.0000  0.0000  0.0000  0.0000  0.0860  0.2970  0.2350  0.1640  0.1210  0.2390  0.3300  0.3330  0.3330  0.3320  0.3310  0.3290  0.2320  0.2320  0.2160  0.1690  1.0000  0.1100  0.0590  0.0610  0.0750  0.1510  0.1750  0.2680  0.2700  0.2740  0.2800  0.3020 
 0.0000  0.0000  0.0000  0.0000  0.0000  0.0820  0.2860  0.2240  0.1580  0.1170  0.2290  0.3180  0.3190  0.3200  0.3190  0.3180  0.3170  0.2240  0.2250  0.2090  0.1710  0.1100  1.0000  0.0460  0.0620  0.0570  0.1330  0.1490  0.2230  0.2270  0.2320  0.2390  0.2690 
 0.0000  0.0000  0.0000  0.0000  0.0000  0.0420  0.1480  0.1160  0.0820  0.0610  0.1180  0.1650  0.1650  0.1650  0.1660  0.1660  0.1640  0.1160  0.1150  0.1060  0.0880  0.0590  0.0460  1.0000  0.0480  0.0060  0.0530  0.0560  0.0830  0.0890  0.0920  0.0970  0.1200 
 0.0000  0.0000  0.0000  0.0000  0.0000  0.0390  0.1370  0.1080  0.0750  0.0560  0.1100  0.1540  0.1550  0.1540  0.1530  0.1530  0.1520  0.1110  0.1100  0.1040  0.0860  0.0610  0.0620  0.0480  1.0000 -0.2300 -0.0100 -0.0140 -0.0290 -0.0120  0.0000  0.0060  0.0510 
 0.0000  0.0000  0.0000  0.0000  0.0000  0.0660  0.2290  0.1820  0.1240  0.0930  0.1840  0.2550  0.2570  0.2560  0.2560  0.2540  0.2530  0.1710  0.1720  0.1550  0.1240  0.0750  0.0570  0.0060 -0.2300  1.0000  0.1530  0.1820  0.2880  0.2870  0.2900  0.2880  0.2860 
 0.0000  0.0000  0.0000  0.0000  0.0000  0.1180  0.4200  0.3270  0.2280  0.1730  0.3330  0.4630  0.4680  0.4680  0.4660  0.4630  0.4610  0.3190  0.3200  0.2900  0.2350  0.1510  0.1330  0.0530 -0.0100  0.1530  1.0000  0.2330  0.4430  0.4610  0.4690  0.4740  0.4830 
 0.0000  0.0000  0.0000  0.0000  0.0000  0.1420  0.5000  0.3930  0.2720  0.2050  0.3980  0.5520  0.5580  0.5580  0.5560  0.5520  0.5490  0.3760  0.3780  0.3420  0.2760  0.1750  0.1490  0.0560 -0.0140  0.1820  0.2330  1.0000  0.5990  0.6070  0.6090  0.6090  0.6080 
 0.0000  0.0000  0.0000  0.0000  0.0000  0.2260  0.7770  0.6130  0.4250  0.3190  0.6230  0.8650  0.8690  0.8700  0.8690  0.8610  0.8550  0.5820  0.5880  0.5300  0.4270  0.2680  0.2230  0.0830 -0.0290  0.2880  0.4430  0.5990  1.0000  0.9970  0.9960  0.9920  0.9810 
 0.0000  0.0000  0.0000  0.0000  0.0000  0.2250  0.7820  0.6140  0.4280  0.3220  0.6250  0.8680  0.8730  0.8750  0.8720  0.8660  0.8590  0.5850  0.5900  0.5320  0.4290  0.2700  0.2270  0.0890 -0.0120  0.2870  0.4610  0.6070  0.9970  1.0000  0.9960  0.9930  0.9830 
 0.0000  0.0000  0.0000  0.0000  0.0000  0.2280  0.7890  0.6230  0.4320  0.3240  0.6320  0.8770  0.8820  0.8830  0.8810  0.8740  0.8680  0.5920  0.5970  0.5390  0.4340  0.2740  0.2320  0.0920  0.0000  0.2900  0.4690  0.6090  0.9960  0.9960  1.0000  0.9960  0.9880 
 0.0000  0.0000  0.0000  0.0000  0.0000  0.2290  0.7970  0.6270  0.4360  0.3270  0.6360  0.8840  0.8900  0.8910  0.8890  0.8820  0.8770  0.5990  0.6040  0.5460  0.4410  0.2800  0.2390  0.0970  0.0060  0.2880  0.4740  0.6090  0.9920  0.9930  0.9960  1.0000  0.9910 
 0.0000  0.0000  0.0000  0.0000  0.0000  0.2390  0.8270  0.6500  0.4530  0.3390  0.6630  0.9190  0.9230  0.9240  0.9220  0.9160  0.9090  0.6280  0.6300  0.5710  0.4640  0.3020  0.2690  0.1200  0.0510  0.2860  0.4830  0.6080  0.9810  0.9830  0.9880  0.9910  1.0000 
