 1.0000  0.7440  0.1900  0.2270  0.2240  0.1690  0.1670  0.1120  0.1080  0.0740  0.0560  0.0550  0.0530  0.0540  0.0550  0.0540  0.0590  0.0510  0.0500  0.0480  0.0460  0.0000  0.0000  0.0000  0.0000  0.0000  0.0000  0.0000  0.0000  0.0000  0.0000  0.0000  0.0000 
 0.7440  1.0000  0.5070  0.4670  0.4020  0.3050  0.3120  0.2720  0.2620  0.1970  0.0690  0.0490  0.0420  0.0420  0.0420  0.0430  0.0500  0.0430  0.0430  0.0430  0.0430  0.0000  0.0000  0.0000  0.0000  0.0000  0.0000  0.0000  0.0000  0.0000  0.0000  0.0000  0.0000 
 0.1900  0.5070  1.0000  0.9310  0.8180  0.6380  0.6030  0.6120  0.5920  0.4790  0.1010  0.0340  0.0260  0.0210  0.0200  0.0160  0.0190  0.0150  0.0140  0.0140  0.0150  0.0000  0.0000  0.0000  0.0000  0.0000  0.0000  0.0000  0.0000  0.0000  0.0000  0.0000  0.0000 
 0.2270  0.4670  0.9310  1.0000  0.9350  0.7650  0.7270  0.7160  0.6950  0.5720  0.1570  0.0970  0.0980  0.0990  0.0990  0.0950  0.1030  0.0890  0.0840  0.0840  0.0830  0.0000  0.0000  0.0000  0.0000  0.0000  0.0000  0.0000  0.0000  0.0000  0.0000  0.0000  0.0000 
 0.2240  0.4020  0.8180  0.9350  1.0000  0.9170  0.8670  0.7780  0.7520  0.5970  0.1490  0.0810  0.0830  0.0910  0.0970  0.1010  0.1150  0.1020  0.1010  0.1000  0.0990  0.0000  0.0000  0.0000  0.0000  0.0000  0.0000  0.0000  0.0000  0.0000  0.0000  0.0000  0.0000 
 0.1690  0.3050  0.6380  0.7650  0.9170  1.0000  0.9620  0.8290  0.8050  0.6540  0.2010  0.1240  0.1100  0.1120  0.1110  0.1110  0.1260  0.1090  0.1080  0.1080  0.1060  0.0000  0.0000  0.0000  0.0000  0.0000  0.0000  0.0000  0.0000  0.0000  0.0000  0.0000  0.0000 
 0.1670  0.3120  0.6030  0.7270  0.8670  0.9620  1.0000  0.8950  0.8810  0.7370  0.2770  0.1800  0.1390  0.1260  0.1150  0.1050  0.1120  0.0950  0.0910  0.0910  0.0900  0.0000  0.0000  0.0000  0.0000  0.0000  0.0000  0.0000  0.0000  0.0000  0.0000  0.0000  0.0000 
 0.1120  0.2720  0.6120  0.7160  0.7780  0.8290  0.8950  1.0000  0.9900  0.9270  0.4410  0.3330  0.2680  0.2310  0.1960  0.1540  0.1330  0.1100  0.0900  0.0840  0.0810  0.0000  0.0000  0.0000  0.0000  0.0000  0.0000  0.0000  0.0000  0.0000  0.0000  0.0000  0.0000 
 0.1080  0.2620  0.5920  0.6950  0.7520  0.8050  0.8810  0.9900  1.0000  0.9450  0.4810  0.3820  0.3120  0.2720  0.2350  0.1860  0.1670  0.1370  0.1140  0.1080  0.1030  0.0000  0.0000  0.0000  0.0000  0.0000  0.0000  0.0000  0.0000  0.0000  0.0000  0.0000  0.0000 
 0.0740  0.1970  0.4790  0.5720  0.5970  0.6540  0.7370  0.9270  0.9450  1.0000  0.6510  0.5970  0.5370  0.4880  0.4380  0.3670  0.3370  0.2830  0.2420  0.2310  0.2190  0.0000  0.0000  0.0000  0.0000  0.0000  0.0000  0.0000  0.0000  0.0000  0.0000  0.0000  0.0000 
 0.0560  0.0690  0.1010  0.1570  0.1490  0.2010  0.2770  0.4410  0.4810  0.6510  1.0000  0.9290  0.7410  0.7050  0.6650  0.5880  0.5700  0.4830  0.4280  0.4140  0.4010  0.0000  0.0000  0.0000  0.0000  0.0000  0.0000  0.0000  0.0000  0.0000  0.0000  0.0000  0.0000 
 0.0550  0.0490  0.0340  0.0970  0.0810  0.1240  0.1800  0.3330  0.3820  0.5970  0.9290  1.0000  0.9240  0.8980  0.8700  0.7870  0.7870  0.6720  0.6050  0.5910  0.5710  0.0000  0.0000  0.0000  0.0000  0.0000  0.0000  0.0000  0.0000  0.0000  0.0000  0.0000  0.0000 
 0.0530  0.0420  0.0260  0.0980  0.0830  0.1100  0.1390  0.2680  0.3120  0.5370  0.7410  0.9240  1.0000  0.9890  0.9750  0.9020  0.9130  0.7840  0.7120  0.6990  0.6780  0.0000  0.0000  0.0000  0.0000  0.0000  0.0000  0.0000  0.0000  0.0000  0.0000  0.0000  0.0000 
 0.0540  0.0420  0.0210  0.0990  0.0910  0.1120  0.1260  0.2310  0.2720  0.4880  0.7050  0.8980  0.9890  1.0000  0.9900  0.9240  0.9430  0.8110  0.7430  0.7270  0.7070  0.0000  0.0000  0.0000  0.0000  0.0000  0.0000  0.0000  0.0000  0.0000  0.0000  0.0000  0.0000 
 0.0550  0.0420  0.0200  0.0990  0.0970  0.1110  0.1150  0.1960  0.2350  0.4380  0.6650  0.8700  0.9750  0.9900  1.0000  0.9350  0.9630  0.8290  0.7620  0.7480  0.7270  0.0000  0.0000  0.0000  0.0000  0.0000  0.0000  0.0000  0.0000  0.0000  0.0000  0.0000  0.0000 
 0.0540  0.0430  0.0160  0.0950  0.1010  0.1110  0.1050  0.1540  0.1860  0.3670  0.5880  0.7870  0.9020  0.9240  0.9350  1.0000  0.9770  0.7960  0.7370  0.7230  0.7050  0.0000  0.0000  0.0000  0.0000  0.0000  0.0000  0.0000  0.0000  0.0000  0.0000  0.0000  0.0000 
 0.0590  0.0500  0.0190  0.1030  0.1150  0.1260  0.1120  0.1330  0.1670  0.3370  0.5700  0.7870  0.9130  0.9430  0.9630  0.9770  1.0000  0.8320  0.7740  0.7630  0.7430  0.0000  0.0000  0.0000  0.0000  0.0000  0.0000  0.0000  0.0000  0.0000  0.0000  0.0000  0.0000 
 0.0510  0.0430  0.0150  0.0890  0.1020  0.1090  0.0950  0.1100  0.1370  0.2830  0.4830  0.6720  0.7840  0.8110  0.8290  0.7960  0.8320  1.0000  0.9860  0.9850  0.9790  0.0000  0.0000  0.0000  0.0000  0.0000  0.0000  0.0000  0.0000  0.0000  0.0000  0.0000  0.0000 
 0.0500  0.0430  0.0140  0.0840  0.1010  0.1080  0.0910  0.0900  0.1140  0.2420  0.4280  0.6050  0.7120  0.7430  0.7620  0.7370  0.7740  0.9860  1.0000  0.9930  0.9900  0.0000  0.0000  0.0000  0.0000  0.0000  0.0000  0.0000  0.0000  0.0000  0.0000  0.0000  0.0000 
 0.0480  0.0430  0.0140  0.0840  0.1000  0.1080  0.0910  0.0840  0.1080  0.2310  0.4140  0.5910  0.6990  0.7270  0.7480  0.7230  0.7630  0.9850  0.9930  1.0000  0.9910  0.0000  0.0000  0.0000  0.0000  0.0000  0.0000  0.0000  0.0000  0.0000  0.0000  0.0000  0.0000 
 0.0460  0.0430  0.0150  0.0830  0.0990  0.1060  0.0900  0.0810  0.1030  0.2190  0.4010  0.5710  0.6780  0.7070  0.7270  0.7050  0.7430  0.9790  0.9900  0.9910  1.0000  0.0170  0.0140  0.0120  0.0120  0.0090  0.0080  0.0040  0.0030  0.0030  0.0010  0.0000  0.0000 
 0.0000  0.0000  0.0000  0.0000  0.0000  0.0000  0.0000  0.0000  0.0000  0.0000  0.0000  0.0000  0.0000  0.0000  0.0000  0.0000  0.0000  0.0000  0.0000  0.0000  0.0170  1.0000  0.9220  0.7980  0.7120  0.6320  0.5290  0.3960  0.3280  0.2730  0.2080  0.1640  0.1580 
 0.0000  0.0000  0.0000  0.0000  0.0000  0.0000  0.0000  0.0000  0.0000  0.0000  0.0000  0.0000  0.0000  0.0000  0.0000  0.0000  0.0000  0.0000  0.0000  0.0000  0.0140  0.9220  1.0000  0.9440  0.8800  0.8010  0.6750  0.5090  0.4180  0.3370  0.2460  0.1920  0.1810 
 0.0000  0.0000  0.0000  0.0000  0.0000  0.0000  0.0000  0.0000  0.0000  0.0000  0.0000  0.0000  0.0000  0.0000  0.0000  0.0000  0.0000  0.0000  0.0000  0.0000  0.0120  0.7980  0.9440  1.0000  0.9620  0.9150  0.8090  0.6500  0.5530  0.4590  0.3540  0.2840  0.2680 
 0.0000  0.0000  0.0000  0.0000  0.0000  0.0000  0.0000  0.0000  0.0000  0.0000  0.0000  0.0000  0.0000  0.0000  0.0000  0.0000  0.0000  0.0000  0.0000  0.0000  0.0120  0.7120  0.8800  0.9620  1.0000  0.9710  0.8910  0.7420  0.6620  0.5700  0.4560  0.3710  0.3560 
 0.0000  0.0000  0.0000  0.0000  0.0000  0.0000  0.0000  0.0000  0.0000  0.0000  0.0000  0.0000  0.0000  0.0000  0.0000  0.0000  0.0000  0.0000  0.0000  0.0000  0.0090  0.6320  0.8010  0.9150  0.9710  1.0000  0.9560  0.8490  0.7830  0.7020  0.5890  0.4980  0.4800 
 0.0000  0.0000  0.0000  0.0000  0.0000  0.0000  0.0000  0.0000  0.0000  0.0000  0.0000  0.0000  0.0000  0.0000  0.0000  0.0000  0.0000  0.0000  0.0000  0.0000  0.0080  0.5290  0.6750  0.8090  0.8910  0.9560  1.0000  0.9460  0.9080  0.8470  0.7530  0.6650  0.6410 
 0.0000  0.0000  0.0000  0.0000  0.0000  0.0000  0.0000  0.0000  0.0000  0.0000  0.0000  0.0000  0.0000  0.0000  0.0000  0.0000  0.0000  0.0000  0.0000  0.0000  0.0040  0.3960  0.5090  0.6500  0.7420  0.8490  0.9460  1.0000  0.9750  0.9390  0.8850  0.8060  0.7860 
 0.0000  0.0000  0.0000  0.0000  0.0000  0.0000  0.0000  0.0000  0.0000  0.0000  0.0000  0.0000  0.0000  0.0000  0.0000  0.0000  0.0000  0.0000  0.0000  0.0000  0.0030  0.3280  0.4180  0.5530  0.6620  0.7830  0.9080  0.9750  1.0000  0.9760  0.9300  0.8650  0.8420 
 0.0000  0.0000  0.0000  0.0000  0.0000  0.0000  0.0000  0.0000  0.0000  0.0000  0.0000  0.0000  0.0000  0.0000  0.0000  0.0000  0.0000  0.0000  0.0000  0.0000  0.0030  0.2730  0.3370  0.4590  0.5700  0.7020  0.8470  0.9390  0.9760  1.0000  0.9690  0.9160  0.8990 
 0.0000  0.0000  0.0000  0.0000  0.0000  0.0000  0.0000  0.0000  0.0000  0.0000  0.0000  0.0000  0.0000  0.0000  0.0000  0.0000  0.0000  0.0000  0.0000  0.0000  0.0010  0.2080  0.2460  0.3540  0.4560  0.5890  0.7530  0.8850  0.9300  0.9690  1.0000  0.9730  0.9680 
 0.0000  0.0000  0.0000  0.0000  0.0000  0.0000  0.0000  0.0000  0.0000  0.0000  0.0000  0.0000  0.0000  0.0000  0.0000  0.0000  0.0000  0.0000  0.0000  0.0000  0.0000  0.1640  0.1920  0.2840  0.3710  0.4980  0.6650  0.8060  0.8650  0.9160  0.9730  1.0000  0.9900 
 0.0000  0.0000  0.0000  0.0000  0.0000  0.0000  0.0000  0.0000  0.0000  0.0000  0.0000  0.0000  0.0000  0.0000  0.0000  0.0000  0.0000  0.0000  0.0000  0.0000  0.0000  0.1580  0.1810  0.2680  0.3560  0.4800  0.6410  0.7860  0.8420  0.8990  0.9680  0.9900  1.0000 
