 1.0000  0.3410  0.2280  0.0200  0.0230  0.0210  0.0200  0.0170  0.0170  0.0190  0.0180  0.0150  0.0170  0.0150  0.0130  0.0000  0.0000  0.0000  0.0000  0.0000  0.0010  0.0000  0.0000  0.0000  0.0000  0.0000  0.0000  0.0000  0.0000  0.0000  0.0000  0.0000  0.0000 
 0.3410  1.0000  0.6110  0.0200  0.0200  0.0190  0.0170  0.0160  0.0160  0.0160  0.0150  0.0160  0.0150  0.0130  0.0120  0.0000  0.0000  0.0000  0.0000  0.0000  0.0000  0.0000  0.0000  0.0000  0.0000  0.0000  0.0000  0.0000  0.0000  0.0000  0.0000  0.0000  0.0000 
 0.2280  0.6110  1.0000  0.7620  0.7620  0.7620  0.7580  0.7480  0.7370  0.7200  0.7270  0.6900  0.6780  0.6130  0.5330  0.0600  0.1010  0.0270  0.0180  0.0180  0.0170  0.0000  0.0000  0.0000  0.0000  0.0000  0.0000  0.0000  0.0000  0.0000  0.0000  0.0000  0.0000 
 0.0200  0.0200  0.7620  1.0000  0.9850  0.9830  0.9760  0.9630  0.9480  0.9310  0.9380  0.8950  0.8800  0.7940  0.6900  0.0790  0.1330  0.0370  0.0250  0.0250  0.0250  0.0000  0.0000  0.0000  0.0000  0.0000  0.0000  0.0000  0.0000  0.0000  0.0000  0.0000  0.0000 
 0.0230  0.0200  0.7620  0.9850  1.0000  0.9850  0.9780  0.9640  0.9500  0.9300  0.9370  0.8960  0.8810  0.7970  0.6930  0.0770  0.1310  0.0370  0.0250  0.0250  0.0260  0.0000  0.0000  0.0000  0.0000  0.0000  0.0000  0.0000  0.0000  0.0000  0.0000  0.0000  0.0000 
 0.0210  0.0190  0.7620  0.9830  0.9850  1.0000  0.9790  0.9620  0.9520  0.9340  0.9390  0.8980  0.8820  0.7930  0.6930  0.0770  0.1330  0.0340  0.0280  0.0280  0.0250  0.0000  0.0000  0.0000  0.0000  0.0000  0.0000  0.0000  0.0000  0.0000  0.0000  0.0000  0.0000 
 0.0200  0.0170  0.7580  0.9760  0.9780  0.9790  1.0000  0.9670  0.9540  0.9340  0.9410  0.8990  0.8810  0.7990  0.6930  0.0760  0.1320  0.0360  0.0240  0.0240  0.0250  0.0000  0.0000  0.0000  0.0000  0.0000  0.0000  0.0000  0.0000  0.0000  0.0000  0.0000  0.0000 
 0.0170  0.0160  0.7480  0.9630  0.9640  0.9620  0.9670  1.0000  0.9450  0.9200  0.9310  0.8880  0.8690  0.7870  0.6810  0.0760  0.1300  0.0350  0.0250  0.0250  0.0260  0.0000  0.0000  0.0000  0.0000  0.0000  0.0000  0.0000  0.0000  0.0000  0.0000  0.0000  0.0000 
 0.0170  0.0160  0.7370  0.9480  0.9500  0.9520  0.9540  0.9450  1.0000  0.9240  0.9250  0.8810  0.8630  0.7800  0.6790  0.0770  0.1300  0.0370  0.0240  0.0240  0.0240  0.0000  0.0000  0.0000  0.0000  0.0000  0.0000  0.0000  0.0000  0.0000  0.0000  0.0000  0.0000 
 0.0190  0.0160  0.7200  0.9310  0.9300  0.9340  0.9340  0.9200  0.9240  1.0000  0.9260  0.8650  0.8470  0.7650  0.6650  0.0740  0.1270  0.0340  0.0260  0.0260  0.0250  0.0000  0.0000  0.0000  0.0000  0.0000  0.0000  0.0000  0.0000  0.0000  0.0000  0.0000  0.0000 
 0.0180  0.0150  0.7270  0.9380  0.9370  0.9390  0.9410  0.9310  0.9250  0.9260  1.0000  0.8980  0.8600  0.7760  0.6770  0.0750  0.1280  0.0340  0.0230  0.0230  0.0250  0.0000  0.0000  0.0000  0.0000  0.0000  0.0000  0.0000  0.0000  0.0000  0.0000  0.0000  0.0000 
 0.0150  0.0160  0.6900  0.8950  0.8960  0.8980  0.8990  0.8880  0.8810  0.8650  0.8980  1.0000  0.8420  0.7500  0.6470  0.0710  0.1210  0.0330  0.0230  0.0230  0.0210  0.0000  0.0000  0.0000  0.0000  0.0000  0.0000  0.0000  0.0000  0.0000  0.0000  0.0000  0.0000 
 0.0170  0.0150  0.6780  0.8800  0.8810  0.8820  0.8810  0.8690  0.8630  0.8470  0.8600  0.8420  1.0000  0.8070  0.6390  0.0740  0.1210  0.0350  0.0220  0.0220  0.0220  0.0000  0.0000  0.0000  0.0000  0.0000  0.0000  0.0000  0.0000  0.0000  0.0000  0.0000  0.0000 
 0.0150  0.0130  0.6130  0.7940  0.7970  0.7930  0.7990  0.7870  0.7800  0.7650  0.7760  0.7500  0.8070  1.0000  0.9080  0.0620  0.1080  0.0310  0.0200  0.0200  0.0200  0.0000  0.0000  0.0000  0.0000  0.0000  0.0000  0.0000  0.0000  0.0000  0.0000  0.0000  0.0000 
 0.0130  0.0120  0.5330  0.6900  0.6930  0.6930  0.6930  0.6810  0.6790  0.6650  0.6770  0.6470  0.6390  0.9080  1.0000  0.0630  0.0980  0.0240  0.0160  0.0160  0.0150  0.0000  0.0000  0.0000  0.0000  0.0000  0.0000  0.0000  0.0000  0.0000  0.0000  0.0000  0.0000 
 0.0000  0.0000  0.0600  0.0790  0.0770  0.0770  0.0760  0.0760  0.0770  0.0740  0.0750  0.0710  0.0740  0.0620  0.0630  1.0000  0.9810  0.0110  0.0090  0.0090  0.0100  0.0000  0.0000  0.0000  0.0000  0.0000  0.0000  0.0000  0.0000  0.0000  0.0000  0.0000  0.0000 
 0.0000  0.0000  0.1010  0.1330  0.1310  0.1330  0.1320  0.1300  0.1300  0.1270  0.1280  0.1210  0.1210  0.1080  0.0980  0.9810  1.0000  0.0190  0.0160  0.0160  0.0170  0.0000  0.0000  0.0000  0.0000  0.0000  0.0000  0.0000  0.0000  0.0000  0.0000  0.0000  0.0000 
 0.0000  0.0000  0.0270  0.0370  0.0370  0.0340  0.0360  0.0350  0.0370  0.0340  0.0340  0.0330  0.0350  0.0310  0.0240  0.0110  0.0190  1.0000  0.9940  0.9940  0.9940  0.0000  0.0000  0.0000  0.0000  0.0000  0.0000  0.0000  0.0000  0.0000  0.0000  0.0000  0.0000 
 0.0000  0.0000  0.0180  0.0250  0.0250  0.0280  0.0240  0.0250  0.0240  0.0260  0.0230  0.0230  0.0220  0.0200  0.0160  0.0090  0.0160  0.9940  1.0000  0.9990  0.9930  0.0000  0.0000  0.0000  0.0000  0.0000  0.0000  0.0000  0.0000  0.0000  0.0000  0.0000  0.0000 
 0.0000  0.0000  0.0180  0.0250  0.0250  0.0280  0.0240  0.0250  0.0240  0.0260  0.0230  0.0230  0.0220  0.0200  0.0160  0.0090  0.0160  0.9940  0.9990  1.0000  0.9930  0.0000  0.0000  0.0000  0.0000  0.0000  0.0000  0.0000  0.0000  0.0000  0.0000  0.0000  0.0000 
 0.0010  0.0000  0.0170  0.0250  0.0260  0.0250  0.0250  0.0260  0.0240  0.0250  0.0250  0.0210  0.0220  0.0200  0.0150  0.0100  0.0170  0.9940  0.9930  0.9930  1.0000  0.0200  0.0200  0.0180  0.0200  0.0170  0.0170  0.0150  0.0080  0.0070  0.0090  0.0000  0.0000 
 0.0000  0.0000  0.0000  0.0000  0.0000  0.0000  0.0000  0.0000  0.0000  0.0000  0.0000  0.0000  0.0000  0.0000  0.0000  0.0000  0.0000  0.0000  0.0000  0.0000  0.0200  1.0000  0.7960  0.7450  0.7020  0.6650  0.6890  0.6190  0.4060  0.3540  0.3940  0.0100  0.0230 
 0.0000  0.0000  0.0000  0.0000  0.0000  0.0000  0.0000  0.0000  0.0000  0.0000  0.0000  0.0000  0.0000  0.0000  0.0000  0.0000  0.0000  0.0000  0.0000  0.0000  0.0200  0.7960  1.0000  0.8640  0.8150  0.7830  0.8070  0.7220  0.4540  0.3890  0.4360  0.0070  0.0210 
 0.0000  0.0000  0.0000  0.0000  0.0000  0.0000  0.0000  0.0000  0.0000  0.0000  0.0000  0.0000  0.0000  0.0000  0.0000  0.0000  0.0000  0.0000  0.0000  0.0000  0.0180  0.7450  0.8640  1.0000  0.8330  0.8010  0.8220  0.7370  0.4500  0.3780  0.4260  0.0140  0.0230 
 0.0000  0.0000  0.0000  0.0000  0.0000  0.0000  0.0000  0.0000  0.0000  0.0000  0.0000  0.0000  0.0000  0.0000  0.0000  0.0000  0.0000  0.0000  0.0000  0.0000  0.0200  0.7020  0.8150  0.8330  1.0000  0.7960  0.8170  0.7300  0.4370  0.3670  0.4130  0.0270  0.0250 
 0.0000  0.0000  0.0000  0.0000  0.0000  0.0000  0.0000  0.0000  0.0000  0.0000  0.0000  0.0000  0.0000  0.0000  0.0000  0.0000  0.0000  0.0000  0.0000  0.0000  0.0170  0.6650  0.7830  0.8010  0.7960  1.0000  0.8400  0.7490  0.4350  0.3630  0.4140  0.0710  0.0300 
 0.0000  0.0000  0.0000  0.0000  0.0000  0.0000  0.0000  0.0000  0.0000  0.0000  0.0000  0.0000  0.0000  0.0000  0.0000  0.0000  0.0000  0.0000  0.0000  0.0000  0.0170  0.6890  0.8070  0.8220  0.8170  0.8400  1.0000  0.8110  0.4530  0.3710  0.4150  0.0710  0.0340 
 0.0000  0.0000  0.0000  0.0000  0.0000  0.0000  0.0000  0.0000  0.0000  0.0000  0.0000  0.0000  0.0000  0.0000  0.0000  0.0000  0.0000  0.0000  0.0000  0.0000  0.0150  0.6190  0.7220  0.7370  0.7300  0.7490  0.8110  1.0000  0.4100  0.3360  0.3800  0.0830  0.0290 
 0.0000  0.0000  0.0000  0.0000  0.0000  0.0000  0.0000  0.0000  0.0000  0.0000  0.0000  0.0000  0.0000  0.0000  0.0000  0.0000  0.0000  0.0000  0.0000  0.0000  0.0080  0.4060  0.4540  0.4500  0.4370  0.4350  0.4530  0.4100  1.0000  0.2510  0.2530  0.0290  0.0170 
 0.0000  0.0000  0.0000  0.0000  0.0000  0.0000  0.0000  0.0000  0.0000  0.0000  0.0000  0.0000  0.0000  0.0000  0.0000  0.0000  0.0000  0.0000  0.0000  0.0000  0.0070  0.3540  0.3890  0.3780  0.3670  0.3630  0.3710  0.3360  0.2510  1.0000  0.2280  0.0240  0.0120 
 0.0000  0.0000  0.0000  0.0000  0.0000  0.0000  0.0000  0.0000  0.0000  0.0000  0.0000  0.0000  0.0000  0.0000  0.0000  0.0000  0.0000  0.0000  0.0000  0.0000  0.0090  0.3940  0.4360  0.4260  0.4130  0.4140  0.4150  0.3800  0.2530  0.2280  1.0000  0.0800  0.0720 
 0.0000  0.0000  0.0000  0.0000  0.0000  0.0000  0.0000  0.0000  0.0000  0.0000  0.0000  0.0000  0.0000  0.0000  0.0000  0.0000  0.0000  0.0000  0.0000  0.0000  0.0000  0.0100  0.0070  0.0140  0.0270  0.0710  0.0710  0.0830  0.0290  0.0240  0.0800  1.0000  0.7760 
 0.0000  0.0000  0.0000  0.0000  0.0000  0.0000  0.0000  0.0000  0.0000  0.0000  0.0000  0.0000  0.0000  0.0000  0.0000  0.0000  0.0000  0.0000  0.0000  0.0000  0.0000  0.0230  0.0210  0.0230  0.0250  0.0300  0.0340  0.0290  0.0170  0.0120  0.0720  0.7760  1.0000 
