 1.0000  0.0000  0.0000  0.0000  0.0000  0.0000  0.0000  0.0000  0.0000  0.0000  0.0000  0.0000  0.0000  0.0000  0.0000  0.0000  0.0000  0.0000  0.0000  0.0000  0.0000  0.0000  0.0000  0.0000  0.0000  0.0000  0.0000  0.0000  0.0000  0.0000  0.0000  0.0000  0.0000 
 0.0000  1.0000  0.9460  0.9570  0.8980  0.6990  0.3400  0.4090  0.4090  0.3870  0.2100  0.1160  0.0270  0.0320  0.0390  0.0370  0.0490  0.0510  0.1150  0.1130  0.0980  0.0000  0.0000  0.0000  0.0000  0.0000  0.0000  0.0000  0.0000  0.0000  0.0000  0.0000  0.0000 
 0.0000  0.9460  1.0000  0.9270  0.8600  0.7930  0.5060  0.3880  0.3880  0.3660  0.1960  0.1090  0.0310  0.0340  0.0390  0.0360  0.0460  0.0510  0.1100  0.1090  0.0950  0.0000  0.0000  0.0000  0.0000  0.0000  0.0000  0.0000  0.0000  0.0000  0.0000  0.0000  0.0000 
 0.0000  0.9570  0.9270  1.0000  0.9720  0.7870  0.3850  0.4590  0.4680  0.4720  0.2660  0.1610  0.0710  0.0730  0.0760  0.0580  0.0700  0.0720  0.1490  0.1580  0.1510  0.0000  0.0000  0.0000  0.0000  0.0000  0.0000  0.0000  0.0000  0.0000  0.0000  0.0000  0.0000 
 0.0000  0.8980  0.8600  0.9720  1.0000  0.8200  0.4020  0.5290  0.5400  0.5540  0.3300  0.2160  0.1180  0.1180  0.1130  0.0880  0.0990  0.1010  0.1820  0.1910  0.1840  0.0000  0.0000  0.0000  0.0000  0.0000  0.0000  0.0000  0.0000  0.0000  0.0000  0.0000  0.0000 
 0.0000  0.6990  0.7930  0.7870  0.8200  1.0000  0.8220  0.6610  0.6650  0.6360  0.4400  0.3310  0.2180  0.2110  0.1950  0.1720  0.1700  0.1690  0.2250  0.2230  0.2020  0.0000  0.0000  0.0000  0.0000  0.0000  0.0000  0.0000  0.0000  0.0000  0.0000  0.0000  0.0000 
 0.0000  0.3400  0.5060  0.3850  0.4020  0.8220  1.0000  0.6770  0.6690  0.5670  0.4680  0.3800  0.2650  0.2520  0.2270  0.2170  0.1940  0.1850  0.1960  0.1670  0.1320  0.0000  0.0000  0.0000  0.0000  0.0000  0.0000  0.0000  0.0000  0.0000  0.0000  0.0000  0.0000 
 0.0000  0.4090  0.3880  0.4590  0.5290  0.6610  0.6770  1.0000  0.9890  0.9120  0.8110  0.6940  0.5200  0.4950  0.4500  0.4120  0.3660  0.3500  0.3490  0.3130  0.2650  0.0000  0.0000  0.0000  0.0000  0.0000  0.0000  0.0000  0.0000  0.0000  0.0000  0.0000  0.0000 
 0.0000  0.4090  0.3880  0.4680  0.5400  0.6650  0.6690  0.9890  1.0000  0.9310  0.8330  0.7230  0.5510  0.5290  0.4840  0.4410  0.3940  0.3760  0.3780  0.3410  0.2930  0.0000  0.0000  0.0000  0.0000  0.0000  0.0000  0.0000  0.0000  0.0000  0.0000  0.0000  0.0000 
 0.0000  0.3870  0.3660  0.4720  0.5540  0.6360  0.5670  0.9120  0.9310  1.0000  0.9240  0.8500  0.7310  0.7090  0.6580  0.5960  0.5450  0.5280  0.5330  0.5100  0.4570  0.0000  0.0000  0.0000  0.0000  0.0000  0.0000  0.0000  0.0000  0.0000  0.0000  0.0000  0.0000 
 0.0000  0.2100  0.1960  0.2660  0.3300  0.4400  0.4680  0.8110  0.8330  0.9240  1.0000  0.9710  0.8990  0.8740  0.8190  0.7470  0.6880  0.6640  0.6410  0.6150  0.5550  0.0000  0.0000  0.0000  0.0000  0.0000  0.0000  0.0000  0.0000  0.0000  0.0000  0.0000  0.0000 
 0.0000  0.1160  0.1090  0.1610  0.2160  0.3310  0.3800  0.6940  0.7230  0.8500  0.9710  1.0000  0.9590  0.9420  0.8960  0.8320  0.7740  0.7520  0.7200  0.6990  0.6380  0.0000  0.0000  0.0000  0.0000  0.0000  0.0000  0.0000  0.0000  0.0000  0.0000  0.0000  0.0000 
 0.0000  0.0270  0.0310  0.0710  0.1180  0.2180  0.2650  0.5200  0.5510  0.7310  0.8990  0.9590  1.0000  0.9890  0.9640  0.9150  0.8720  0.8560  0.8240  0.8130  0.7470  0.0000  0.0000  0.0000  0.0000  0.0000  0.0000  0.0000  0.0000  0.0000  0.0000  0.0000  0.0000 
 0.0000  0.0320  0.0340  0.0730  0.1180  0.2110  0.2520  0.4950  0.5290  0.7090  0.8740  0.9420  0.9890  1.0000  0.9820  0.9450  0.9120  0.8980  0.8720  0.8600  0.7940  0.0000  0.0000  0.0000  0.0000  0.0000  0.0000  0.0000  0.0000  0.0000  0.0000  0.0000  0.0000 
 0.0000  0.0390  0.0390  0.0760  0.1130  0.1950  0.2270  0.4500  0.4840  0.6580  0.8190  0.8960  0.9640  0.9820  1.0000  0.9800  0.9590  0.9470  0.9310  0.9190  0.8490  0.0000  0.0000  0.0000  0.0000  0.0000  0.0000  0.0000  0.0000  0.0000  0.0000  0.0000  0.0000 
 0.0000  0.0370  0.0360  0.0580  0.0880  0.1720  0.2170  0.4120  0.4410  0.5960  0.7470  0.8320  0.9150  0.9450  0.9800  1.0000  0.9870  0.9830  0.9660  0.9540  0.8790  0.0000  0.0000  0.0000  0.0000  0.0000  0.0000  0.0000  0.0000  0.0000  0.0000  0.0000  0.0000 
 0.0000  0.0490  0.0460  0.0700  0.0990  0.1700  0.1940  0.3660  0.3940  0.5450  0.6880  0.7740  0.8720  0.9120  0.9590  0.9870  1.0000  0.9920  0.9840  0.9740  0.9020  0.0000  0.0000  0.0000  0.0000  0.0000  0.0000  0.0000  0.0000  0.0000  0.0000  0.0000  0.0000 
 0.0000  0.0510  0.0510  0.0720  0.1010  0.1690  0.1850  0.3500  0.3760  0.5280  0.6640  0.7520  0.8560  0.8980  0.9470  0.9830  0.9920  1.0000  0.9860  0.9800  0.9080  0.0000  0.0000  0.0000  0.0000  0.0000  0.0000  0.0000  0.0000  0.0000  0.0000  0.0000  0.0000 
 0.0000  0.1150  0.1100  0.1490  0.1820  0.2250  0.1960  0.3490  0.3780  0.5330  0.6410  0.7200  0.8240  0.8720  0.9310  0.9660  0.9840  0.9860  1.0000  0.9870  0.9190  0.0000  0.0000  0.0000  0.0000  0.0000  0.0000  0.0000  0.0000  0.0000  0.0000  0.0000  0.0000 
 0.0000  0.1130  0.1090  0.1580  0.1910  0.2230  0.1670  0.3130  0.3410  0.5100  0.6150  0.6990  0.8130  0.8600  0.9190  0.9540  0.9740  0.9800  0.9870  1.0000  0.9260  0.0000  0.0000  0.0000  0.0000  0.0000  0.0000  0.0000  0.0000  0.0000  0.0000  0.0000  0.0000 
 0.0000  0.0980  0.0950  0.1510  0.1840  0.2020  0.1320  0.2650  0.2930  0.4570  0.5550  0.6380  0.7470  0.7940  0.8490  0.8790  0.9020  0.9080  0.9190  0.9260  1.0000  0.2600  0.2720  0.2630  0.2650  0.2570  0.2760  0.2420  0.2250  0.2520  0.2550  0.1020  0.0810 
 0.0000  0.0000  0.0000  0.0000  0.0000  0.0000  0.0000  0.0000  0.0000  0.0000  0.0000  0.0000  0.0000  0.0000  0.0000  0.0000  0.0000  0.0000  0.0000  0.0000  0.2600  1.0000  0.8170  0.7880  0.7910  0.7760  0.8250  0.7180  0.6750  0.7590  0.7630  0.3180  0.2510 
 0.0000  0.0000  0.0000  0.0000  0.0000  0.0000  0.0000  0.0000  0.0000  0.0000  0.0000  0.0000  0.0000  0.0000  0.0000  0.0000  0.0000  0.0000  0.0000  0.0000  0.2720  0.8170  1.0000  0.8330  0.8280  0.8130  0.8660  0.7540  0.7050  0.7940  0.8020  0.3330  0.2600 
 0.0000  0.0000  0.0000  0.0000  0.0000  0.0000  0.0000  0.0000  0.0000  0.0000  0.0000  0.0000  0.0000  0.0000  0.0000  0.0000  0.0000  0.0000  0.0000  0.0000  0.2630  0.7880  0.8330  1.0000  0.8090  0.7860  0.8370  0.7280  0.6830  0.7660  0.7750  0.3210  0.2530 
 0.0000  0.0000  0.0000  0.0000  0.0000  0.0000  0.0000  0.0000  0.0000  0.0000  0.0000  0.0000  0.0000  0.0000  0.0000  0.0000  0.0000  0.0000  0.0000  0.0000  0.2650  0.7910  0.8280  0.8090  1.0000  0.7900  0.8400  0.7300  0.6870  0.7690  0.7780  0.3220  0.2540 
 0.0000  0.0000  0.0000  0.0000  0.0000  0.0000  0.0000  0.0000  0.0000  0.0000  0.0000  0.0000  0.0000  0.0000  0.0000  0.0000  0.0000  0.0000  0.0000  0.0000  0.2570  0.7760  0.8130  0.7860  0.7900  1.0000  0.8220  0.7150  0.6710  0.7530  0.7640  0.3170  0.2480 
 0.0000  0.0000  0.0000  0.0000  0.0000  0.0000  0.0000  0.0000  0.0000  0.0000  0.0000  0.0000  0.0000  0.0000  0.0000  0.0000  0.0000  0.0000  0.0000  0.0000  0.2760  0.8250  0.8660  0.8370  0.8400  0.8220  1.0000  0.7630  0.7140  0.8040  0.8090  0.3360  0.2650 
 0.0000  0.0000  0.0000  0.0000  0.0000  0.0000  0.0000  0.0000  0.0000  0.0000  0.0000  0.0000  0.0000  0.0000  0.0000  0.0000  0.0000  0.0000  0.0000  0.0000  0.2420  0.7180  0.7540  0.7280  0.7300  0.7150  0.7630  1.0000  0.6260  0.7000  0.7040  0.2940  0.2290 
 0.0000  0.0000  0.0000  0.0000  0.0000  0.0000  0.0000  0.0000  0.0000  0.0000  0.0000  0.0000  0.0000  0.0000  0.0000  0.0000  0.0000  0.0000  0.0000  0.0000  0.2250  0.6750  0.7050  0.6830  0.6870  0.6710  0.7140  0.6260  1.0000  0.6590  0.6590  0.2750  0.2170 
 0.0000  0.0000  0.0000  0.0000  0.0000  0.0000  0.0000  0.0000  0.0000  0.0000  0.0000  0.0000  0.0000  0.0000  0.0000  0.0000  0.0000  0.0000  0.0000  0.0000  0.2520  0.7590  0.7940  0.7660  0.7690  0.7530  0.8040  0.7000  0.6590  1.0000  0.7410  0.3090  0.2410 
 0.0000  0.0000  0.0000  0.0000  0.0000  0.0000  0.0000  0.0000  0.0000  0.0000  0.0000  0.0000  0.0000  0.0000  0.0000  0.0000  0.0000  0.0000  0.0000  0.0000  0.2550  0.7630  0.8020  0.7750  0.7780  0.7640  0.8090  0.7040  0.6590  0.7410  1.0000  0.3980  0.3140 
 0.0000  0.0000  0.0000  0.0000  0.0000  0.0000  0.0000  0.0000  0.0000  0.0000  0.0000  0.0000  0.0000  0.0000  0.0000  0.0000  0.0000  0.0000  0.0000  0.0000  0.1020  0.3180  0.3330  0.3210  0.3220  0.3170  0.3360  0.2940  0.2750  0.3090  0.3980  1.0000  0.8010 
 0.0000  0.0000  0.0000  0.0000  0.0000  0.0000  0.0000  0.0000  0.0000  0.0000  0.0000  0.0000  0.0000  0.0000  0.0000  0.0000  0.0000  0.0000  0.0000  0.0000  0.0810  0.2510  0.2600  0.2530  0.2540  0.2480  0.2650  0.2290  0.2170  0.2410  0.3140  0.8010  1.0000 
