 1.0000  0.5030  0.1090  0.0560  0.0220  0.0140  0.0310  0.0290  0.0400  0.0530  0.0620  0.0660  0.0640  0.0620  0.0590  0.0540  0.0510  0.0280  0.0000  0.0000  0.0000  0.0000  0.0000  0.0000  0.0000  0.0000  0.0000  0.0000  0.0000  0.0000  0.0000  0.0000  0.0000 
 0.5030  1.0000  0.5300  0.0750  0.0460  0.0390  0.0550  0.0410  0.0480  0.0630  0.0710  0.0720  0.0710  0.0690  0.0630  0.0590  0.0560  0.0340  0.0000  0.0000  0.0000  0.0000  0.0000  0.0000  0.0000  0.0000  0.0000  0.0000  0.0000  0.0000  0.0000  0.0000  0.0000 
 0.1090  0.5300  1.0000  0.4110  0.3950  0.3740  0.3330  0.2360  0.2080  0.1660  0.1140  0.0810  0.0690  0.0640  0.0610  0.0550  0.0520  0.0330  0.0000  0.0000  0.0000  0.0000  0.0000  0.0000  0.0000  0.0000  0.0000  0.0000  0.0000  0.0000  0.0000  0.0000  0.0000 
 0.0560  0.0750  0.4110  1.0000  0.9780  0.9250  0.8150  0.6050  0.5200  0.3880  0.2410  0.1470  0.1130  0.1060  0.1010  0.0910  0.0870  0.0540  0.0000  0.0000  0.0000  0.0000  0.0000  0.0000  0.0000  0.0000  0.0000  0.0000  0.0000  0.0000  0.0000  0.0000  0.0000 
 0.0220  0.0460  0.3950  0.9780  1.0000  0.9590  0.8600  0.6240  0.5340  0.3900  0.2270  0.1280  0.0920  0.0880  0.0830  0.0790  0.0770  0.0530  0.0000  0.0000  0.0000  0.0000  0.0000  0.0000  0.0000  0.0000  0.0000  0.0000  0.0000  0.0000  0.0000  0.0000  0.0000 
 0.0140  0.0390  0.3740  0.9250  0.9590  1.0000  0.9520  0.7550  0.6720  0.5240  0.3510  0.2410  0.2020  0.1940  0.1900  0.1830  0.1800  0.1270  0.0000  0.0000  0.0000  0.0000  0.0000  0.0000  0.0000  0.0000  0.0000  0.0000  0.0000  0.0000  0.0000  0.0000  0.0000 
 0.0310  0.0550  0.3330  0.8150  0.8600  0.9520  1.0000  0.8680  0.8050  0.6780  0.5140  0.4030  0.3620  0.3540  0.3450  0.3330  0.3270  0.2360  0.0000  0.0000  0.0000  0.0000  0.0000  0.0000  0.0000  0.0000  0.0000  0.0000  0.0000  0.0000  0.0000  0.0000  0.0000 
 0.0290  0.0410  0.2360  0.6050  0.6240  0.7550  0.8680  1.0000  0.9810  0.9220  0.8100  0.7210  0.6800  0.6650  0.6450  0.6190  0.6040  0.4290  0.0000  0.0000  0.0000  0.0000  0.0000  0.0000  0.0000  0.0000  0.0000  0.0000  0.0000  0.0000  0.0000  0.0000  0.0000 
 0.0400  0.0480  0.2080  0.5200  0.5340  0.6720  0.8050  0.9810  1.0000  0.9650  0.8810  0.8080  0.7730  0.7580  0.7380  0.7130  0.6980  0.5010  0.0000  0.0000  0.0000  0.0000  0.0000  0.0000  0.0000  0.0000  0.0000  0.0000  0.0000  0.0000  0.0000  0.0000  0.0000 
 0.0530  0.0630  0.1660  0.3880  0.3900  0.5240  0.6780  0.9220  0.9650  1.0000  0.9640  0.9200  0.8950  0.8830  0.8660  0.8400  0.8240  0.6040  0.0000  0.0000  0.0000  0.0000  0.0000  0.0000  0.0000  0.0000  0.0000  0.0000  0.0000  0.0000  0.0000  0.0000  0.0000 
 0.0620  0.0710  0.1140  0.2410  0.2270  0.3510  0.5140  0.8100  0.8810  0.9640  1.0000  0.9840  0.9720  0.9630  0.9500  0.9260  0.9150  0.6800  0.0000  0.0000  0.0000  0.0000  0.0000  0.0000  0.0000  0.0000  0.0000  0.0000  0.0000  0.0000  0.0000  0.0000  0.0000 
 0.0660  0.0720  0.0810  0.1470  0.1280  0.2410  0.4030  0.7210  0.8080  0.9200  0.9840  1.0000  0.9910  0.9850  0.9760  0.9570  0.9450  0.7120  0.0000  0.0000  0.0000  0.0000  0.0000  0.0000  0.0000  0.0000  0.0000  0.0000  0.0000  0.0000  0.0000  0.0000  0.0000 
 0.0640  0.0710  0.0690  0.1130  0.0920  0.2020  0.3620  0.6800  0.7730  0.8950  0.9720  0.9910  1.0000  0.9890  0.9840  0.9710  0.9620  0.7330  0.0000  0.0000  0.0000  0.0000  0.0000  0.0000  0.0000  0.0000  0.0000  0.0000  0.0000  0.0000  0.0000  0.0000  0.0000 
 0.0620  0.0690  0.0640  0.1060  0.0880  0.1940  0.3540  0.6650  0.7580  0.8830  0.9630  0.9850  0.9890  1.0000  0.9890  0.9810  0.9740  0.7530  0.0000  0.0000  0.0000  0.0000  0.0000  0.0000  0.0000  0.0000  0.0000  0.0000  0.0000  0.0000  0.0000  0.0000  0.0000 
 0.0590  0.0630  0.0610  0.1010  0.0830  0.1900  0.3450  0.6450  0.7380  0.8660  0.9500  0.9760  0.9840  0.9890  1.0000  0.9900  0.9870  0.7700  0.0000  0.0000  0.0000  0.0000  0.0000  0.0000  0.0000  0.0000  0.0000  0.0000  0.0000  0.0000  0.0000  0.0000  0.0000 
 0.0540  0.0590  0.0550  0.0910  0.0790  0.1830  0.3330  0.6190  0.7130  0.8400  0.9260  0.9570  0.9710  0.9810  0.9900  1.0000  0.9930  0.7900  0.0000  0.0000  0.0000  0.0000  0.0000  0.0000  0.0000  0.0000  0.0000  0.0000  0.0000  0.0000  0.0000  0.0000  0.0000 
 0.0510  0.0560  0.0520  0.0870  0.0770  0.1800  0.3270  0.6040  0.6980  0.8240  0.9150  0.9450  0.9620  0.9740  0.9870  0.9930  1.0000  0.7960  0.0000  0.0000  0.0000  0.0000  0.0000  0.0000  0.0000  0.0000  0.0000  0.0000  0.0000  0.0000  0.0000  0.0000  0.0000 
 0.0280  0.0340  0.0330  0.0540  0.0530  0.1270  0.2360  0.4290  0.5010  0.6040  0.6800  0.7120  0.7330  0.7530  0.7700  0.7900  0.7960  1.0000  0.2670  0.0010  0.0000  0.0120  0.0340  0.0420  0.0420  0.0350  0.0280  0.0220  0.0210  0.0220  0.0240  0.0070  0.0000 
 0.0000  0.0000  0.0000  0.0000  0.0000  0.0000  0.0000  0.0000  0.0000  0.0000  0.0000  0.0000  0.0000  0.0000  0.0000  0.0000  0.0000  0.2670  1.0000  0.4620  0.3690  0.3080  0.2670  0.2640  0.2590  0.2750  0.2610  0.2670  0.2730  0.2610  0.2160  0.1070  0.0730 
 0.0000  0.0000  0.0000  0.0000  0.0000  0.0000  0.0000  0.0000  0.0000  0.0000  0.0000  0.0000  0.0000  0.0000  0.0000  0.0000  0.0000  0.0010  0.4620  1.0000  0.7300  0.6370  0.5130  0.4570  0.4350  0.4580  0.4420  0.4660  0.4730  0.4570  0.3720  0.1870  0.1360 
 0.0000  0.0000  0.0000  0.0000  0.0000  0.0000  0.0000  0.0000  0.0000  0.0000  0.0000  0.0000  0.0000  0.0000  0.0000  0.0000  0.0000  0.0000  0.3690  0.7300  1.0000  0.8850  0.7750  0.7190  0.6670  0.6730  0.6200  0.6330  0.6420  0.6240  0.5280  0.2550  0.1670 
 0.0000  0.0000  0.0000  0.0000  0.0000  0.0000  0.0000  0.0000  0.0000  0.0000  0.0000  0.0000  0.0000  0.0000  0.0000  0.0000  0.0000  0.0120  0.3080  0.6370  0.8850  1.0000  0.8840  0.8480  0.7930  0.7830  0.6920  0.6890  0.6920  0.6710  0.5900  0.2740  0.1640 
 0.0000  0.0000  0.0000  0.0000  0.0000  0.0000  0.0000  0.0000  0.0000  0.0000  0.0000  0.0000  0.0000  0.0000  0.0000  0.0000  0.0000  0.0340  0.2670  0.5130  0.7750  0.8840  1.0000  0.9220  0.8690  0.8520  0.7400  0.7190  0.7180  0.6920  0.6170  0.2880  0.1680 
 0.0000  0.0000  0.0000  0.0000  0.0000  0.0000  0.0000  0.0000  0.0000  0.0000  0.0000  0.0000  0.0000  0.0000  0.0000  0.0000  0.0000  0.0420  0.2640  0.4570  0.7190  0.8480  0.9220  1.0000  0.9510  0.9410  0.8270  0.8050  0.7960  0.7620  0.6670  0.3260  0.2000 
 0.0000  0.0000  0.0000  0.0000  0.0000  0.0000  0.0000  0.0000  0.0000  0.0000  0.0000  0.0000  0.0000  0.0000  0.0000  0.0000  0.0000  0.0420  0.2590  0.4350  0.6670  0.7930  0.8690  0.9510  1.0000  0.9520  0.8540  0.8490  0.8300  0.7910  0.6750  0.3400  0.2260 
 0.0000  0.0000  0.0000  0.0000  0.0000  0.0000  0.0000  0.0000  0.0000  0.0000  0.0000  0.0000  0.0000  0.0000  0.0000  0.0000  0.0000  0.0350  0.2750  0.4580  0.6730  0.7830  0.8520  0.9410  0.9520  1.0000  0.9100  0.9210  0.9080  0.8590  0.7080  0.3690  0.2600 
 0.0000  0.0000  0.0000  0.0000  0.0000  0.0000  0.0000  0.0000  0.0000  0.0000  0.0000  0.0000  0.0000  0.0000  0.0000  0.0000  0.0000  0.0280  0.2610  0.4420  0.6200  0.6920  0.7400  0.8270  0.8540  0.9100  1.0000  0.9040  0.8980  0.8560  0.6840  0.3680  0.2640 
 0.0000  0.0000  0.0000  0.0000  0.0000  0.0000  0.0000  0.0000  0.0000  0.0000  0.0000  0.0000  0.0000  0.0000  0.0000  0.0000  0.0000  0.0220  0.2670  0.4660  0.6330  0.6890  0.7190  0.8050  0.8490  0.9210  0.9040  1.0000  0.9620  0.9330  0.7390  0.3910  0.2830 
 0.0000  0.0000  0.0000  0.0000  0.0000  0.0000  0.0000  0.0000  0.0000  0.0000  0.0000  0.0000  0.0000  0.0000  0.0000  0.0000  0.0000  0.0210  0.2730  0.4730  0.6420  0.6920  0.7180  0.7960  0.8300  0.9080  0.8980  0.9620  1.0000  0.9700  0.8100  0.3820  0.2500 
 0.0000  0.0000  0.0000  0.0000  0.0000  0.0000  0.0000  0.0000  0.0000  0.0000  0.0000  0.0000  0.0000  0.0000  0.0000  0.0000  0.0000  0.0220  0.2610  0.4570  0.6240  0.6710  0.6920  0.7620  0.7910  0.8590  0.8560  0.9330  0.9700  1.0000  0.8880  0.4270  0.2630 
 0.0000  0.0000  0.0000  0.0000  0.0000  0.0000  0.0000  0.0000  0.0000  0.0000  0.0000  0.0000  0.0000  0.0000  0.0000  0.0000  0.0000  0.0240  0.2160  0.3720  0.5280  0.5900  0.6170  0.6670  0.6750  0.7080  0.6840  0.7390  0.8100  0.8880  1.0000  0.6370  0.4350 
 0.0000  0.0000  0.0000  0.0000  0.0000  0.0000  0.0000  0.0000  0.0000  0.0000  0.0000  0.0000  0.0000  0.0000  0.0000  0.0000  0.0000  0.0070  0.1070  0.1870  0.2550  0.2740  0.2880  0.3260  0.3400  0.3690  0.3680  0.3910  0.3820  0.4270  0.6370  1.0000  0.9550 
 0.0000  0.0000  0.0000  0.0000  0.0000  0.0000  0.0000  0.0000  0.0000  0.0000  0.0000  0.0000  0.0000  0.0000  0.0000  0.0000  0.0000  0.0000  0.0730  0.1360  0.1670  0.1640  0.1680  0.2000  0.2260  0.2600  0.2640  0.2830  0.2500  0.2630  0.4350  0.9550  1.0000 
