 1.0000  0.9840  0.9520  0.5600  0.4300  0.2280 -0.0240 -0.1950 -0.2820 -0.3210 -0.3420 -0.3470 -0.3530 -0.3530 -0.3530 -0.3530 -0.3530 -0.3220  0.0000  0.0000  0.0000  0.0000  0.0000  0.0000  0.0000  0.0000  0.0000  0.0000  0.0000  0.0000  0.0000  0.0000  0.0000 
 0.9840  1.0000  0.9690  0.6050  0.4870  0.2980  0.0410 -0.1350 -0.2240 -0.2660 -0.2880 -0.2950 -0.3010 -0.3010 -0.3010 -0.3010 -0.3010 -0.2740  0.0000  0.0000  0.0000  0.0000  0.0000  0.0000  0.0000  0.0000  0.0000  0.0000  0.0000  0.0000  0.0000  0.0000  0.0000 
 0.9520  0.9690  1.0000  0.7490  0.6560  0.4700  0.1900 -0.0140 -0.1230 -0.1740 -0.1990 -0.2090 -0.2140 -0.2140 -0.2140 -0.2140 -0.2140 -0.1970  0.0000  0.0000  0.0000  0.0000  0.0000  0.0000  0.0000  0.0000  0.0000  0.0000  0.0000  0.0000  0.0000  0.0000  0.0000 
 0.5600  0.6050  0.7490  1.0000  0.9490  0.7920  0.4930  0.2380  0.0960  0.0290  0.0000 -0.0080 -0.0150 -0.0150 -0.0150 -0.0150 -0.0150 -0.0130  0.0000  0.0000  0.0000  0.0000  0.0000  0.0000  0.0000  0.0000  0.0000  0.0000  0.0000  0.0000  0.0000  0.0000  0.0000 
 0.4300  0.4870  0.6560  0.9490  1.0000  0.9260  0.7060  0.4850  0.3530  0.2840  0.2550  0.2420  0.2350  0.2350  0.2350  0.2350  0.2350  0.2150  0.0000  0.0000  0.0000  0.0000  0.0000  0.0000  0.0000  0.0000  0.0000  0.0000  0.0000  0.0000  0.0000  0.0000  0.0000 
 0.2280  0.2980  0.4700  0.7920  0.9260  1.0000  0.9100  0.7610  0.6560  0.5970  0.5720  0.5640  0.5540  0.5540  0.5540  0.5540  0.5540  0.5080  0.0000  0.0000  0.0000  0.0000  0.0000  0.0000  0.0000  0.0000  0.0000  0.0000  0.0000  0.0000  0.0000  0.0000  0.0000 
-0.0240  0.0410  0.1900  0.4930  0.7060  0.9100  1.0000  0.9520  0.8960  0.8630  0.8430  0.8390  0.8340  0.8340  0.8340  0.8340  0.8340  0.7640  0.0000  0.0000  0.0000  0.0000  0.0000  0.0000  0.0000  0.0000  0.0000  0.0000  0.0000  0.0000  0.0000  0.0000  0.0000 
-0.1950 -0.1350 -0.0140  0.2380  0.4850  0.7610  0.9520  1.0000  0.9810  0.9670  0.9570  0.9550  0.9520  0.9520  0.9520  0.9520  0.9520  0.8700  0.0000  0.0000  0.0000  0.0000  0.0000  0.0000  0.0000  0.0000  0.0000  0.0000  0.0000  0.0000  0.0000  0.0000  0.0000 
-0.2820 -0.2240 -0.1230  0.0960  0.3530  0.6560  0.8960  0.9810  1.0000  0.9890  0.9850  0.9840  0.9810  0.9810  0.9810  0.9810  0.9810  0.8940  0.0000  0.0000  0.0000  0.0000  0.0000  0.0000  0.0000  0.0000  0.0000  0.0000  0.0000  0.0000  0.0000  0.0000  0.0000 
-0.3210 -0.2660 -0.1740  0.0290  0.2840  0.5970  0.8630  0.9670  0.9890  1.0000  0.9920  0.9920  0.9900  0.9900  0.9900  0.9900  0.9900  0.9060  0.0000  0.0000  0.0000  0.0000  0.0000  0.0000  0.0000  0.0000  0.0000  0.0000  0.0000  0.0000  0.0000  0.0000  0.0000 
-0.3420 -0.2880 -0.1990  0.0000  0.2550  0.5720  0.8430  0.9570  0.9850  0.9920  1.0000  0.9940  0.9930  0.9930  0.9930  0.9930  0.9930  0.9070  0.0000  0.0000  0.0000  0.0000  0.0000  0.0000  0.0000  0.0000  0.0000  0.0000  0.0000  0.0000  0.0000  0.0000  0.0000 
-0.3470 -0.2950 -0.2090 -0.0080  0.2420  0.5640  0.8390  0.9550  0.9840  0.9920  0.9940  1.0000  0.9930  0.9930  0.9930  0.9930  0.9930  0.9070  0.0000  0.0000  0.0000  0.0000  0.0000  0.0000  0.0000  0.0000  0.0000  0.0000  0.0000  0.0000  0.0000  0.0000  0.0000 
-0.3530 -0.3010 -0.2140 -0.0150  0.2350  0.5540  0.8340  0.9520  0.9810  0.9900  0.9930  0.9930  1.0000  0.9990  0.9990  0.9990  0.9990  0.9090  0.0000  0.0000  0.0000  0.0000  0.0000  0.0000  0.0000  0.0000  0.0000  0.0000  0.0000  0.0000  0.0000  0.0000  0.0000 
-0.3530 -0.3010 -0.2140 -0.0150  0.2350  0.5540  0.8340  0.9520  0.9810  0.9900  0.9930  0.9930  0.9990  1.0000  0.9990  0.9990  0.9990  0.9090  0.0000  0.0000  0.0000  0.0000  0.0000  0.0000  0.0000  0.0000  0.0000  0.0000  0.0000  0.0000  0.0000  0.0000  0.0000 
-0.3530 -0.3010 -0.2140 -0.0150  0.2350  0.5540  0.8340  0.9520  0.9810  0.9900  0.9930  0.9930  0.9990  0.9990  1.0000  0.9990  0.9990  0.9090  0.0000  0.0000  0.0000  0.0000  0.0000  0.0000  0.0000  0.0000  0.0000  0.0000  0.0000  0.0000  0.0000  0.0000  0.0000 
-0.3530 -0.3010 -0.2140 -0.0150  0.2350  0.5540  0.8340  0.9520  0.9810  0.9900  0.9930  0.9930  0.9990  0.9990  0.9990  1.0000  0.9990  0.9090  0.0000  0.0000  0.0000  0.0000  0.0000  0.0000  0.0000  0.0000  0.0000  0.0000  0.0000  0.0000  0.0000  0.0000  0.0000 
-0.3530 -0.3010 -0.2140 -0.0150  0.2350  0.5540  0.8340  0.9520  0.9810  0.9900  0.9930  0.9930  0.9990  0.9990  0.9990  0.9990  1.0000  0.9090  0.0000  0.0000  0.0000  0.0000  0.0000  0.0000  0.0000  0.0000  0.0000  0.0000  0.0000  0.0000  0.0000  0.0000  0.0000 
-0.3220 -0.2740 -0.1970 -0.0130  0.2150  0.5080  0.7640  0.8700  0.8940  0.9060  0.9070  0.9070  0.9090  0.9090  0.9090  0.9090  0.9090  1.0000  0.0890  0.0000 -0.0060 -0.0040  0.0000  0.0000  0.0000  0.0000  0.0000  0.0000  0.0000  0.0000  0.0000  0.0000  0.0000 
 0.0000  0.0000  0.0000  0.0000  0.0000  0.0000  0.0000  0.0000  0.0000  0.0000  0.0000  0.0000  0.0000  0.0000  0.0000  0.0000  0.0000  0.0890  1.0000  0.3770  0.2280  0.0990  0.0110 -0.0170 -0.0070  0.0000  0.0120  0.0180  0.0120  0.0110  0.0000  0.0060  0.0030 
 0.0000  0.0000  0.0000  0.0000  0.0000  0.0000  0.0000  0.0000  0.0000  0.0000  0.0000  0.0000  0.0000  0.0000  0.0000  0.0000  0.0000  0.0000  0.3770  1.0000  0.6100  0.4260  0.1770 -0.0010 -0.0240  0.0000  0.0390  0.0670  0.0440  0.0430  0.0000  0.0200  0.0150 
 0.0000  0.0000  0.0000  0.0000  0.0000  0.0000  0.0000  0.0000  0.0000  0.0000  0.0000  0.0000  0.0000  0.0000  0.0000  0.0000  0.0000 -0.0060  0.2280  0.6100  1.0000  0.7690  0.5010  0.1820  0.0880  0.0920  0.0850  0.0940  0.0670  0.0420  0.0210  0.0430  0.0450 
 0.0000  0.0000  0.0000  0.0000  0.0000  0.0000  0.0000  0.0000  0.0000  0.0000  0.0000  0.0000  0.0000  0.0000  0.0000  0.0000  0.0000 -0.0040  0.0990  0.4260  0.7690  1.0000  0.6740  0.3850  0.2360  0.2070  0.1110  0.0800  0.0540  0.0090  0.0480  0.0500  0.0510 
 0.0000  0.0000  0.0000  0.0000  0.0000  0.0000  0.0000  0.0000  0.0000  0.0000  0.0000  0.0000  0.0000  0.0000  0.0000  0.0000  0.0000  0.0000  0.0110  0.1770  0.5010  0.6740  1.0000  0.5900  0.4190  0.3730  0.1850  0.0980  0.0730  0.0040  0.0820  0.0680  0.0700 
 0.0000  0.0000  0.0000  0.0000  0.0000  0.0000  0.0000  0.0000  0.0000  0.0000  0.0000  0.0000  0.0000  0.0000  0.0000  0.0000  0.0000  0.0000 -0.0170 -0.0010  0.1820  0.3850  0.5900  1.0000  0.4890  0.4550  0.2790  0.1730  0.1190  0.0690  0.1050  0.0740  0.0680 
 0.0000  0.0000  0.0000  0.0000  0.0000  0.0000  0.0000  0.0000  0.0000  0.0000  0.0000  0.0000  0.0000  0.0000  0.0000  0.0000  0.0000  0.0000 -0.0070 -0.0240  0.0880  0.2360  0.4190  0.4890  1.0000  0.5020  0.3890  0.2950  0.1990  0.1710  0.1410  0.0940  0.0870 
 0.0000  0.0000  0.0000  0.0000  0.0000  0.0000  0.0000  0.0000  0.0000  0.0000  0.0000  0.0000  0.0000  0.0000  0.0000  0.0000  0.0000  0.0000  0.0000  0.0000  0.0920  0.2070  0.3730  0.4550  0.5020  1.0000  0.4980  0.4290  0.3050  0.2860  0.2060  0.1300  0.1150 
 0.0000  0.0000  0.0000  0.0000  0.0000  0.0000  0.0000  0.0000  0.0000  0.0000  0.0000  0.0000  0.0000  0.0000  0.0000  0.0000  0.0000  0.0000  0.0120  0.0390  0.0850  0.1110  0.1850  0.2790  0.3890  0.4980  1.0000  0.5660  0.3940  0.4420  0.2920  0.1460  0.1230 
 0.0000  0.0000  0.0000  0.0000  0.0000  0.0000  0.0000  0.0000  0.0000  0.0000  0.0000  0.0000  0.0000  0.0000  0.0000  0.0000  0.0000  0.0000  0.0180  0.0670  0.0940  0.0800  0.0980  0.1730  0.2950  0.4290  0.5660  1.0000  0.4780  0.5660  0.3640  0.1550  0.1320 
 0.0000  0.0000  0.0000  0.0000  0.0000  0.0000  0.0000  0.0000  0.0000  0.0000  0.0000  0.0000  0.0000  0.0000  0.0000  0.0000  0.0000  0.0000  0.0120  0.0440  0.0670  0.0540  0.0730  0.1190  0.1990  0.3050  0.3940  0.4780  1.0000  0.4630  0.3300  0.1600  0.1420 
 0.0000  0.0000  0.0000  0.0000  0.0000  0.0000  0.0000  0.0000  0.0000  0.0000  0.0000  0.0000  0.0000  0.0000  0.0000  0.0000  0.0000  0.0000  0.0110  0.0430  0.0420  0.0090  0.0040  0.0690  0.1710  0.2860  0.4420  0.5660  0.4630  1.0000  0.6450  0.1220  0.0710 
 0.0000  0.0000  0.0000  0.0000  0.0000  0.0000  0.0000  0.0000  0.0000  0.0000  0.0000  0.0000  0.0000  0.0000  0.0000  0.0000  0.0000  0.0000  0.0000  0.0000  0.0210  0.0480  0.0820  0.1050  0.1410  0.2060  0.2920  0.3640  0.3300  0.6450  1.0000  0.3230  0.2310 
 0.0000  0.0000  0.0000  0.0000  0.0000  0.0000  0.0000  0.0000  0.0000  0.0000  0.0000  0.0000  0.0000  0.0000  0.0000  0.0000  0.0000  0.0000  0.0060  0.0200  0.0430  0.0500  0.0680  0.0740  0.0940  0.1300  0.1460  0.1550  0.1600  0.1220  0.3230  1.0000  0.8890 
 0.0000  0.0000  0.0000  0.0000  0.0000  0.0000  0.0000  0.0000  0.0000  0.0000  0.0000  0.0000  0.0000  0.0000  0.0000  0.0000  0.0000  0.0000  0.0030  0.0150  0.0450  0.0510  0.0700  0.0680  0.0870  0.1150  0.1230  0.1320  0.1420  0.0710  0.2310  0.8890  1.0000 
