 1.0000  0.6380  0.1450  0.0900 -0.0180  0.0000  0.2480  0.1270  0.0940  0.0840  0.0440  0.0300  0.0180  0.0160  0.0000  0.0000  0.0000  0.0000  0.0000  0.0000  0.0000  0.0000  0.0000  0.0000  0.0000  0.0000  0.0000  0.0000  0.0000  0.0000  0.0000  0.0000  0.0000 
 0.6380  1.0000  0.5240  0.4360  0.2700  0.2530  0.0650 -0.0050 -0.0360 -0.0520 -0.0750 -0.0070  0.0000  0.0000  0.0000  0.0000  0.0000  0.0000  0.0000  0.0000  0.0000  0.0000  0.0000  0.0000  0.0000  0.0000  0.0000  0.0000  0.0000  0.0000  0.0000  0.0000  0.0000 
 0.1450  0.5240  1.0000  0.9600  0.7770  0.8200  0.1960  0.0280  0.0110  0.0000 -0.0060 -0.0020 -0.0020 -0.0020  0.0000  0.0000  0.0000  0.0000  0.0000  0.0000  0.0000  0.0000  0.0000  0.0000  0.0000  0.0000  0.0000  0.0000  0.0000  0.0000  0.0000  0.0000  0.0000 
 0.0900  0.4360  0.9600  1.0000  0.8820  0.8870  0.2210  0.0410  0.0250  0.0190  0.0130  0.0070  0.0050  0.0050  0.0000  0.0000  0.0000  0.0000  0.0000  0.0000  0.0000  0.0000  0.0000  0.0000  0.0000  0.0000  0.0000  0.0000  0.0000  0.0000  0.0000  0.0000  0.0000 
-0.0180  0.2700  0.7770  0.8820  1.0000  0.8530  0.1890  0.0360  0.0350  0.0230  0.0080  0.0000  0.0000  0.0000  0.0000  0.0000  0.0000  0.0000  0.0000  0.0000  0.0000  0.0000  0.0000  0.0000  0.0000  0.0000  0.0000  0.0000  0.0000  0.0000  0.0000  0.0000  0.0000 
 0.0000  0.2530  0.8200  0.8870  0.8530  1.0000  0.3900  0.1610  0.1380  0.1090  0.0720  0.0240  0.0080  0.0060  0.0000  0.0000  0.0000  0.0000  0.0000  0.0000  0.0000  0.0000  0.0000  0.0000  0.0000  0.0000  0.0000  0.0000  0.0000  0.0000  0.0000  0.0000  0.0000 
 0.2480  0.0650  0.1960  0.2210  0.1890  0.3900  1.0000  0.8610  0.6670  0.4240  0.2900  0.1480  0.1070  0.1000  0.0000  0.0000  0.0000  0.0000  0.0000  0.0000  0.0000  0.0000  0.0000  0.0000  0.0000  0.0000  0.0000  0.0000  0.0000  0.0000  0.0000  0.0000  0.0000 
 0.1270 -0.0050  0.0280  0.0410  0.0360  0.1610  0.8610  1.0000  0.8660  0.5490  0.3010  0.1690  0.1240  0.1170  0.0000  0.0000  0.0000  0.0000  0.0000  0.0000  0.0000  0.0000  0.0000  0.0000  0.0000  0.0000  0.0000  0.0000  0.0000  0.0000  0.0000  0.0000  0.0000 
 0.0940 -0.0360  0.0110  0.0250  0.0350  0.1380  0.6670  0.8660  1.0000  0.8370  0.4860  0.3100  0.2170  0.2040  0.0000  0.0000  0.0000  0.0000  0.0000  0.0000  0.0000  0.0000  0.0000  0.0000  0.0000  0.0000  0.0000  0.0000  0.0000  0.0000  0.0000  0.0000  0.0000 
 0.0840 -0.0520  0.0000  0.0190  0.0230  0.1090  0.4240  0.5490  0.8370  1.0000  0.8130  0.6640  0.5590  0.5250  0.0000  0.0000  0.0000  0.0000  0.0000  0.0000  0.0000  0.0000  0.0000  0.0000  0.0000  0.0000  0.0000  0.0000  0.0000  0.0000  0.0000  0.0000  0.0000 
 0.0440 -0.0750 -0.0060  0.0130  0.0080  0.0720  0.2900  0.3010  0.4860  0.8130  1.0000  0.9530  0.9090  0.8550  0.0000  0.0000  0.0000  0.0000  0.0000  0.0000  0.0000  0.0000  0.0000  0.0000  0.0000  0.0000  0.0000  0.0000  0.0000  0.0000  0.0000  0.0000  0.0000 
 0.0300 -0.0070 -0.0020  0.0070  0.0000  0.0240  0.1480  0.1690  0.3100  0.6640  0.9530  1.0000  0.9820  0.9280  0.0000  0.0000  0.0000  0.0000  0.0000  0.0000  0.0000  0.0000  0.0000  0.0000  0.0000  0.0000  0.0000  0.0000  0.0000  0.0000  0.0000  0.0000  0.0000 
 0.0180  0.0000 -0.0020  0.0050  0.0000  0.0080  0.1070  0.1240  0.2170  0.5590  0.9090  0.9820  1.0000  0.9370  0.0000  0.0000  0.0000  0.0000  0.0000  0.0000  0.0000  0.0000  0.0000  0.0000  0.0000  0.0000  0.0000  0.0000  0.0000  0.0000  0.0000  0.0000  0.0000 
 0.0160  0.0000 -0.0020  0.0050  0.0000  0.0060  0.1000  0.1170  0.2040  0.5250  0.8550  0.9280  0.9370  1.0000  0.1820  0.0940  0.0850  0.0830  0.0730  0.0640  0.0500  0.0300  0.0500  0.0270  0.0110  0.0180  0.0110 -0.0240 -0.0170 -0.0110 -0.0080 -0.0020 -0.0020 
 0.0000  0.0000  0.0000  0.0000  0.0000  0.0000  0.0000  0.0000  0.0000  0.0000  0.0000  0.0000  0.0000  0.1820  1.0000  0.7420  0.6700  0.5750  0.5370  0.4390  0.3860  0.2540  0.3990  0.3890  0.2820  0.3340  0.2600 -0.0090  0.0900  0.1410  0.1360  0.1320  0.1290 
 0.0000  0.0000  0.0000  0.0000  0.0000  0.0000  0.0000  0.0000  0.0000  0.0000  0.0000  0.0000  0.0000  0.0940  0.7420  1.0000  0.7910  0.6860  0.6300  0.5420  0.4540  0.2890  0.4430  0.3620  0.2430  0.3050  0.2280 -0.1110  0.0000  0.0470  0.0510  0.0620  0.0620 
 0.0000  0.0000  0.0000  0.0000  0.0000  0.0000  0.0000  0.0000  0.0000  0.0000  0.0000  0.0000  0.0000  0.0850  0.6700  0.7910  1.0000  0.7500  0.6420  0.5690  0.4690  0.2930  0.4460  0.3230  0.2030  0.2670  0.1910 -0.1620 -0.0570 -0.0040  0.0000  0.0190  0.0230 
 0.0000  0.0000  0.0000  0.0000  0.0000  0.0000  0.0000  0.0000  0.0000  0.0000  0.0000  0.0000  0.0000  0.0830  0.5750  0.6860  0.7500  1.0000  0.6110  0.5490  0.4380  0.2670  0.4040  0.2410  0.1300  0.1920  0.1220 -0.2170 -0.1340 -0.0870 -0.0720 -0.0360 -0.0330 
 0.0000  0.0000  0.0000  0.0000  0.0000  0.0000  0.0000  0.0000  0.0000  0.0000  0.0000  0.0000  0.0000  0.0730  0.5370  0.6300  0.6420  0.6110  1.0000  0.5480  0.4150  0.2540  0.3870  0.2450  0.1390  0.1940  0.1290 -0.1770 -0.0990 -0.0480 -0.0320 -0.0060 -0.0040 
 0.0000  0.0000  0.0000  0.0000  0.0000  0.0000  0.0000  0.0000  0.0000  0.0000  0.0000  0.0000  0.0000  0.0640  0.4390  0.5420  0.5690  0.5490  0.5480  1.0000  0.4030  0.2280  0.3460  0.1840  0.0850  0.1370  0.0780 -0.1980 -0.1350 -0.0950 -0.0750 -0.0400 -0.0340 
 0.0000  0.0000  0.0000  0.0000  0.0000  0.0000  0.0000  0.0000  0.0000  0.0000  0.0000  0.0000  0.0000  0.0500  0.3860  0.4540  0.4690  0.4380  0.4150  0.4030  1.0000  0.2380  0.3110  0.1930  0.1000  0.1480  0.0920 -0.1310 -0.0750 -0.0380 -0.0220  0.0000  0.0000 
 0.0000  0.0000  0.0000  0.0000  0.0000  0.0000  0.0000  0.0000  0.0000  0.0000  0.0000  0.0000  0.0000  0.0300  0.2540  0.2890  0.2930  0.2670  0.2540  0.2280  0.2380  1.0000  0.1930  0.1300  0.0690  0.0950  0.0590 -0.0740 -0.0390 -0.0220 -0.0100  0.0000  0.0000 
 0.0000  0.0000  0.0000  0.0000  0.0000  0.0000  0.0000  0.0000  0.0000  0.0000  0.0000  0.0000  0.0000  0.0500  0.3990  0.4430  0.4460  0.4040  0.3870  0.3460  0.3110  0.1930  1.0000  0.2420  0.1190  0.1840  0.1140 -0.1070 -0.0600 -0.0290 -0.0170  0.0000  0.0000 
 0.0000  0.0000  0.0000  0.0000  0.0000  0.0000  0.0000  0.0000  0.0000  0.0000  0.0000  0.0000  0.0000  0.0270  0.3890  0.3620  0.3230  0.2410  0.2450  0.1840  0.1930  0.1300  0.2420  1.0000  0.1450  0.3020  0.2130 -0.0080  0.0410  0.0670  0.0590  0.0510  0.0470 
 0.0000  0.0000  0.0000  0.0000  0.0000  0.0000  0.0000  0.0000  0.0000  0.0000  0.0000  0.0000  0.0000  0.0110  0.2820  0.2430  0.2030  0.1300  0.1390  0.0850  0.1000  0.0690  0.1190  0.1450  1.0000  0.4690  0.2240 -0.0080  0.0530  0.0910  0.0870  0.0690  0.0660 
 0.0000  0.0000  0.0000  0.0000  0.0000  0.0000  0.0000  0.0000  0.0000  0.0000  0.0000  0.0000  0.0000  0.0180  0.3340  0.3050  0.2670  0.1920  0.1940  0.1370  0.1480  0.0950  0.1840  0.3020  0.4690  1.0000  0.4100 -0.2050 -0.0840  0.0000  0.0130  0.0040  0.0020 
 0.0000  0.0000  0.0000  0.0000  0.0000  0.0000  0.0000  0.0000  0.0000  0.0000  0.0000  0.0000  0.0000  0.0110  0.2600  0.2280  0.1910  0.1220  0.1290  0.0780  0.0920  0.0590  0.1140  0.2130  0.2240  0.4100  1.0000 -0.3500 -0.1380  0.0340  0.0670  0.0470  0.0420 
 0.0000  0.0000  0.0000  0.0000  0.0000  0.0000  0.0000  0.0000  0.0000  0.0000  0.0000  0.0000  0.0000 -0.0240 -0.0090 -0.1110 -0.1620 -0.2170 -0.1770 -0.1980 -0.1310 -0.0740 -0.1070 -0.0080 -0.0080 -0.2050 -0.3500  1.0000  0.9330  0.7910  0.6010  0.4390  0.4090 
 0.0000  0.0000  0.0000  0.0000  0.0000  0.0000  0.0000  0.0000  0.0000  0.0000  0.0000  0.0000  0.0000 -0.0170  0.0900  0.0000 -0.0570 -0.1340 -0.0990 -0.1350 -0.0750 -0.0390 -0.0600  0.0410  0.0530 -0.0840 -0.1380  0.9330  1.0000  0.9290  0.7540  0.5850  0.5540 
 0.0000  0.0000  0.0000  0.0000  0.0000  0.0000  0.0000  0.0000  0.0000  0.0000  0.0000  0.0000  0.0000 -0.0110  0.1410  0.0470 -0.0040 -0.0870 -0.0480 -0.0950 -0.0380 -0.0220 -0.0290  0.0670  0.0910  0.0000  0.0340  0.7910  0.9290  1.0000  0.9040  0.7710  0.7460 
 0.0000  0.0000  0.0000  0.0000  0.0000  0.0000  0.0000  0.0000  0.0000  0.0000  0.0000  0.0000  0.0000 -0.0080  0.1360  0.0510  0.0000 -0.0720 -0.0320 -0.0750 -0.0220 -0.0100 -0.0170  0.0590  0.0870  0.0130  0.0670  0.6010  0.7540  0.9040  1.0000  0.9500  0.9380 
 0.0000  0.0000  0.0000  0.0000  0.0000  0.0000  0.0000  0.0000  0.0000  0.0000  0.0000  0.0000  0.0000 -0.0020  0.1320  0.0620  0.0190 -0.0360 -0.0060 -0.0400  0.0000  0.0000  0.0000  0.0510  0.0690  0.0040  0.0470  0.4390  0.5850  0.7710  0.9500  1.0000  0.9920 
 0.0000  0.0000  0.0000  0.0000  0.0000  0.0000  0.0000  0.0000  0.0000  0.0000  0.0000  0.0000  0.0000 -0.0020  0.1290  0.0620  0.0230 -0.0330 -0.0040 -0.0340  0.0000  0.0000  0.0000  0.0470  0.0660  0.0020  0.0420  0.4090  0.5540  0.7460  0.9380  0.9920  1.0000 
