 1.0000  0.7040  0.6700  0.6610  0.5700  0.1500  0.0290  0.0290  0.0220  0.0250  0.0260  0.0250  0.0260  0.0000  0.0000  0.0000  0.0000  0.0000  0.0000  0.0000  0.0000  0.0000  0.0000  0.0000  0.0000  0.0000  0.0000  0.0000  0.0000  0.0000  0.0000  0.0000  0.0000 
 0.7040  1.0000  0.7140  0.6790  0.5760  0.1480  0.0260  0.0270  0.0200  0.0240  0.0240  0.0240  0.0250  0.0000  0.0000  0.0000  0.0000  0.0000  0.0000  0.0000  0.0000  0.0000  0.0000  0.0000  0.0000  0.0000  0.0000  0.0000  0.0000  0.0000  0.0000  0.0000  0.0000 
 0.6700  0.7140  1.0000  0.7580  0.6460  0.1660  0.0310  0.0280  0.0200  0.0270  0.0260  0.0270  0.0260  0.0000  0.0000  0.0000  0.0000  0.0000  0.0000  0.0000  0.0000  0.0000  0.0000  0.0000  0.0000  0.0000  0.0000  0.0000  0.0000  0.0000  0.0000  0.0000  0.0000 
 0.6610  0.6790  0.7580  1.0000  0.7200  0.1870  0.0270  0.0290  0.0230  0.0290  0.0290  0.0290  0.0290  0.0000  0.0000  0.0000  0.0000  0.0000  0.0000  0.0000  0.0000  0.0000  0.0000  0.0000  0.0000  0.0000  0.0000  0.0000  0.0000  0.0000  0.0000  0.0000  0.0000 
 0.5700  0.5760  0.6460  0.7200  1.0000  0.2060  0.0300  0.0280  0.0210  0.0260  0.0260  0.0250  0.0270  0.0000  0.0000  0.0000  0.0000  0.0000  0.0000  0.0000  0.0000  0.0000  0.0000  0.0000  0.0000  0.0000  0.0000  0.0000  0.0000  0.0000  0.0000  0.0000  0.0000 
 0.1500  0.1480  0.1660  0.1870  0.2060  1.0000  0.9190  0.8840  0.6570  0.8270  0.8290  0.8290  0.8280  0.0090  0.0000  0.0000  0.0000  0.0000  0.0000  0.0000  0.0000  0.0000  0.0000  0.0000  0.0000  0.0000  0.0000  0.0000  0.0000  0.0000  0.0000  0.0000  0.0000 
 0.0290  0.0260  0.0310  0.0270  0.0300  0.9190  1.0000  0.9520  0.7070  0.8880  0.8890  0.8910  0.8890  0.0100  0.0000  0.0000  0.0000  0.0000  0.0000  0.0000  0.0000  0.0000  0.0000  0.0000  0.0000  0.0000  0.0000  0.0000  0.0000  0.0000  0.0000  0.0000  0.0000 
 0.0290  0.0270  0.0280  0.0290  0.0280  0.8840  0.9520  1.0000  0.6810  0.8520  0.8550  0.8560  0.8550  0.0100  0.0000  0.0000  0.0000  0.0000  0.0000  0.0000  0.0000  0.0000  0.0000  0.0000  0.0000  0.0000  0.0000  0.0000  0.0000  0.0000  0.0000  0.0000  0.0000 
 0.0220  0.0200  0.0200  0.0230  0.0210  0.6570  0.7070  0.6810  1.0000  0.6540  0.6550  0.6560  0.6550  0.0090  0.0000  0.0000  0.0000  0.0000  0.0000  0.0000  0.0000  0.0000  0.0000  0.0000  0.0000  0.0000  0.0000  0.0000  0.0000  0.0000  0.0000  0.0000  0.0000 
 0.0250  0.0240  0.0270  0.0290  0.0260  0.8270  0.8880  0.8520  0.6540  1.0000  0.9920  0.9940  0.9900  0.0110  0.0000  0.0000  0.0000  0.0000  0.0000  0.0000  0.0000  0.0000  0.0000  0.0000  0.0000  0.0000  0.0000  0.0000  0.0000  0.0000  0.0000  0.0000  0.0000 
 0.0260  0.0240  0.0260  0.0290  0.0260  0.8290  0.8890  0.8550  0.6550  0.9920  1.0000  0.9930  0.9930  0.0110  0.0000  0.0000  0.0000  0.0000  0.0000  0.0000  0.0000  0.0000  0.0000  0.0000  0.0000  0.0000  0.0000  0.0000  0.0000  0.0000  0.0000  0.0000  0.0000 
 0.0250  0.0240  0.0270  0.0290  0.0250  0.8290  0.8910  0.8560  0.6560  0.9940  0.9930  1.0000  0.9910  0.0110  0.0000  0.0000  0.0000  0.0000  0.0000  0.0000  0.0000  0.0000  0.0000  0.0000  0.0000  0.0000  0.0000  0.0000  0.0000  0.0000  0.0000  0.0000  0.0000 
 0.0260  0.0250  0.0260  0.0290  0.0270  0.8280  0.8890  0.8550  0.6550  0.9900  0.9930  0.9910  1.0000  0.0110  0.0000  0.0000  0.0000  0.0000  0.0000  0.0000  0.0000  0.0000  0.0000  0.0000  0.0000  0.0000  0.0000  0.0000  0.0000  0.0000  0.0000  0.0000  0.0000 
 0.0000  0.0000  0.0000  0.0000  0.0000  0.0090  0.0100  0.0100  0.0090  0.0110  0.0110  0.0110  0.0110  1.0000  0.0930  0.0000  0.2280  0.3460 -0.2020  0.2280  0.0530  0.0010  0.2290  0.1690  0.1620  0.0800  0.1070  0.0510  0.0450  0.0410  0.0590  0.0570  0.0590 
 0.0000  0.0000  0.0000  0.0000  0.0000  0.0000  0.0000  0.0000  0.0000  0.0000  0.0000  0.0000  0.0000  0.0930  1.0000  0.8080  0.2520  0.3540 -0.2560  0.2530  0.0550  0.0010  0.2350  0.1690  0.1560  0.0870  0.0630  0.0560  0.0500  0.0430  0.0550  0.0520  0.0530 
 0.0000  0.0000  0.0000  0.0000  0.0000  0.0000  0.0000  0.0000  0.0000  0.0000  0.0000  0.0000  0.0000  0.0000  0.8080  1.0000  0.1380  0.1710 -0.0960  0.1010  0.0170  0.0020  0.0990  0.0740  0.0680  0.0340  0.0410  0.0190  0.0150  0.0140  0.0220  0.0240  0.0220 
 0.0000  0.0000  0.0000  0.0000  0.0000  0.0000  0.0000  0.0000  0.0000  0.0000  0.0000  0.0000  0.0000  0.2280  0.2520  0.1380  1.0000  0.7130 -0.4730  0.4860  0.1030  0.0290  0.4960  0.3770  0.3510  0.2070  0.1400  0.1450  0.1360  0.1280  0.1570  0.1530  0.1540 
 0.0000  0.0000  0.0000  0.0000  0.0000  0.0000  0.0000  0.0000  0.0000  0.0000  0.0000  0.0000  0.0000  0.3460  0.3540  0.1710  0.7130  1.0000 -0.5830  0.6280  0.1280  0.0180  0.6810  0.5360  0.5110  0.3020  0.2260  0.2230  0.2070  0.1950  0.2430  0.2390  0.2410 
 0.0000  0.0000  0.0000  0.0000  0.0000  0.0000  0.0000  0.0000  0.0000  0.0000  0.0000  0.0000  0.0000 -0.2020 -0.2560 -0.0960 -0.4730 -0.5830  1.0000 -0.6430 -0.1250 -0.0190 -0.6100 -0.4330 -0.3620 -0.3520  0.3370 -0.2650 -0.2530 -0.2470 -0.2020 -0.1980 -0.1960 
 0.0000  0.0000  0.0000  0.0000  0.0000  0.0000  0.0000  0.0000  0.0000  0.0000  0.0000  0.0000  0.0000  0.2280  0.2530  0.1010  0.4860  0.6280 -0.6430  1.0000  0.3300  0.0370  0.6670  0.5300  0.4870  0.3970 -0.1230  0.3280  0.3120  0.3070  0.3030  0.3010  0.3000 
 0.0000  0.0000  0.0000  0.0000  0.0000  0.0000  0.0000  0.0000  0.0000  0.0000  0.0000  0.0000  0.0000  0.0530  0.0550  0.0170  0.1030  0.1280 -0.1250  0.3300  1.0000  0.3760  0.2110  0.1780  0.1790  0.1170  0.0660  0.1020  0.0950  0.0940  0.1080  0.1110  0.1090 
 0.0000  0.0000  0.0000  0.0000  0.0000  0.0000  0.0000  0.0000  0.0000  0.0000  0.0000  0.0000  0.0000  0.0010  0.0010  0.0020  0.0290  0.0180 -0.0190  0.0370  0.3760  1.0000  0.0490  0.0390  0.0360  0.0280  0.0000  0.0260  0.0240  0.0270  0.0280  0.0280  0.0270 
 0.0000  0.0000  0.0000  0.0000  0.0000  0.0000  0.0000  0.0000  0.0000  0.0000  0.0000  0.0000  0.0000  0.2290  0.2350  0.0990  0.4960  0.6810 -0.6100  0.6670  0.2110  0.0490  1.0000  0.9560  0.9370  0.8720 -0.4030  0.8200  0.8150  0.8060  0.8180  0.8160  0.8140 
 0.0000  0.0000  0.0000  0.0000  0.0000  0.0000  0.0000  0.0000  0.0000  0.0000  0.0000  0.0000  0.0000  0.1690  0.1690  0.0740  0.3770  0.5360 -0.4330  0.5300  0.1780  0.0390  0.9560  1.0000  0.9860  0.9540 -0.4860  0.9230  0.9230  0.9200  0.9320  0.9330  0.9310 
 0.0000  0.0000  0.0000  0.0000  0.0000  0.0000  0.0000  0.0000  0.0000  0.0000  0.0000  0.0000  0.0000  0.1620  0.1560  0.0680  0.3510  0.5110 -0.3620  0.4870  0.1790  0.0360  0.9370  0.9860  1.0000  0.9490 -0.4630  0.9280  0.9280  0.9220  0.9430  0.9430  0.9430 
 0.0000  0.0000  0.0000  0.0000  0.0000  0.0000  0.0000  0.0000  0.0000  0.0000  0.0000  0.0000  0.0000  0.0800  0.0870  0.0340  0.2070  0.3020 -0.3520  0.3970  0.1170  0.0280  0.8720  0.9540  0.9490  1.0000 -0.6630  0.9800  0.9830  0.9840  0.9770  0.9790  0.9760 
 0.0000  0.0000  0.0000  0.0000  0.0000  0.0000  0.0000  0.0000  0.0000  0.0000  0.0000  0.0000  0.0000  0.1070  0.0630  0.0410  0.1400  0.2260  0.3370 -0.1230  0.0660  0.0000 -0.4030 -0.4860 -0.4630 -0.6630  1.0000 -0.6490 -0.6740 -0.6780 -0.6080 -0.6060 -0.6050 
 0.0000  0.0000  0.0000  0.0000  0.0000  0.0000  0.0000  0.0000  0.0000  0.0000  0.0000  0.0000  0.0000  0.0510  0.0560  0.0190  0.1450  0.2230 -0.2650  0.3280  0.1020  0.0260  0.8200  0.9230  0.9280  0.9800 -0.6490  1.0000  0.9870  0.9850  0.9820  0.9820  0.9790 
 0.0000  0.0000  0.0000  0.0000  0.0000  0.0000  0.0000  0.0000  0.0000  0.0000  0.0000  0.0000  0.0000  0.0450  0.0500  0.0150  0.1360  0.2070 -0.2530  0.3120  0.0950  0.0240  0.8150  0.9230  0.9280  0.9830 -0.6740  0.9870  1.0000  0.9920  0.9880  0.9860  0.9870 
 0.0000  0.0000  0.0000  0.0000  0.0000  0.0000  0.0000  0.0000  0.0000  0.0000  0.0000  0.0000  0.0000  0.0410  0.0430  0.0140  0.1280  0.1950 -0.2470  0.3070  0.0940  0.0270  0.8060  0.9200  0.9220  0.9840 -0.6780  0.9850  0.9920  1.0000  0.9890  0.9870  0.9860 
 0.0000  0.0000  0.0000  0.0000  0.0000  0.0000  0.0000  0.0000  0.0000  0.0000  0.0000  0.0000  0.0000  0.0590  0.0550  0.0220  0.1570  0.2430 -0.2020  0.3030  0.1080  0.0280  0.8180  0.9320  0.9430  0.9770 -0.6080  0.9820  0.9880  0.9890  1.0000  0.9930  0.9920 
 0.0000  0.0000  0.0000  0.0000  0.0000  0.0000  0.0000  0.0000  0.0000  0.0000  0.0000  0.0000  0.0000  0.0570  0.0520  0.0240  0.1530  0.2390 -0.1980  0.3010  0.1110  0.0280  0.8160  0.9330  0.9430  0.9790 -0.6060  0.9820  0.9860  0.9870  0.9930  1.0000  0.9930 
 0.0000  0.0000  0.0000  0.0000  0.0000  0.0000  0.0000  0.0000  0.0000  0.0000  0.0000  0.0000  0.0000  0.0590  0.0530  0.0220  0.1540  0.2410 -0.1960  0.3000  0.1090  0.0270  0.8140  0.9310  0.9430  0.9760 -0.6050  0.9790  0.9870  0.9860  0.9920  0.9930  1.0000 
