 1.0000  0.8570  0.6300  0.2050  0.0310 -0.0470  0.2420  0.0940 -0.1520 -0.2730 -0.3290 -0.3420 -0.3520 -0.0810  0.0000  0.0000  0.0000  0.0000  0.0000  0.0000  0.0000  0.0000  0.0000  0.0000  0.0000  0.0000  0.0000  0.0000  0.0000  0.0000  0.0000  0.0000  0.0000 
 0.8570  1.0000  0.9170  0.3240 -0.0050 -0.0430  0.0860 -0.0040 -0.1010 -0.1460 -0.1610 -0.1660 -0.1660 -0.0370  0.0000  0.0000  0.0000  0.0000  0.0000  0.0000  0.0000  0.0000  0.0000  0.0000  0.0000  0.0000  0.0000  0.0000  0.0000  0.0000  0.0000  0.0000  0.0000 
 0.6300  0.9170  1.0000  0.4180 -0.0560 -0.0040 -0.0040 -0.0740 -0.0700 -0.0550 -0.0440 -0.0390 -0.0400 -0.0070  0.0000  0.0000  0.0000  0.0000  0.0000  0.0000  0.0000  0.0000  0.0000  0.0000  0.0000  0.0000  0.0000  0.0000  0.0000  0.0000  0.0000  0.0000  0.0000 
 0.2050  0.3240  0.4180  1.0000  0.1750 -0.0400 -0.0140  0.0230  0.0420  0.0450  0.0430  0.0440  0.0430  0.0080  0.0000  0.0000  0.0000  0.0000  0.0000  0.0000  0.0000  0.0000  0.0000  0.0000  0.0000  0.0000  0.0000  0.0000  0.0000  0.0000  0.0000  0.0000  0.0000 
 0.0310 -0.0050 -0.0560  0.1750  1.0000  0.2580  0.2250  0.2180  0.1490  0.0890  0.0550  0.0430  0.0350  0.0090  0.0000  0.0000  0.0000  0.0000  0.0000  0.0000  0.0000  0.0000  0.0000  0.0000  0.0000  0.0000  0.0000  0.0000  0.0000  0.0000  0.0000  0.0000  0.0000 
-0.0470 -0.0430 -0.0040 -0.0400  0.2580  1.0000  0.4220  0.1110  0.0920  0.0850  0.0780  0.0770  0.0740  0.0100  0.0000  0.0000  0.0000  0.0000  0.0000  0.0000  0.0000  0.0000  0.0000  0.0000  0.0000  0.0000  0.0000  0.0000  0.0000  0.0000  0.0000  0.0000  0.0000 
 0.2420  0.0860 -0.0040 -0.0140  0.2250  0.4220  1.0000  0.8410  0.5290  0.2750  0.1300  0.0880  0.0620  0.0150  0.0000  0.0000  0.0000  0.0000  0.0000  0.0000  0.0000  0.0000  0.0000  0.0000  0.0000  0.0000  0.0000  0.0000  0.0000  0.0000  0.0000  0.0000  0.0000 
 0.0940 -0.0040 -0.0740  0.0230  0.2180  0.1110  0.8410  1.0000  0.8320  0.6230  0.4890  0.4500  0.4190  0.0950  0.0000  0.0000  0.0000  0.0000  0.0000  0.0000  0.0000  0.0000  0.0000  0.0000  0.0000  0.0000  0.0000  0.0000  0.0000  0.0000  0.0000  0.0000  0.0000 
-0.1520 -0.1010 -0.0700  0.0420  0.1490  0.0920  0.5290  0.8320  1.0000  0.9440  0.8800  0.8560  0.8410  0.2040  0.0000  0.0000  0.0000  0.0000  0.0000  0.0000  0.0000  0.0000  0.0000  0.0000  0.0000  0.0000  0.0000  0.0000  0.0000  0.0000  0.0000  0.0000  0.0000 
-0.2730 -0.1460 -0.0550  0.0450  0.0890  0.0850  0.2750  0.6230  0.9440  1.0000  0.9780  0.9700  0.9610  0.2350  0.0000  0.0000  0.0000  0.0000  0.0000  0.0000  0.0000  0.0000  0.0000  0.0000  0.0000  0.0000  0.0000  0.0000  0.0000  0.0000  0.0000  0.0000  0.0000 
-0.3290 -0.1610 -0.0440  0.0430  0.0550  0.0780  0.1300  0.4890  0.8800  0.9780  1.0000  0.9910  0.9900  0.2400  0.0000  0.0000  0.0000  0.0000  0.0000  0.0000  0.0000  0.0000  0.0000  0.0000  0.0000  0.0000  0.0000  0.0000  0.0000  0.0000  0.0000  0.0000  0.0000 
-0.3420 -0.1660 -0.0390  0.0440  0.0430  0.0770  0.0880  0.4500  0.8560  0.9700  0.9910  1.0000  0.9910  0.2400  0.0000  0.0000  0.0000  0.0000  0.0000  0.0000  0.0000  0.0000  0.0000  0.0000  0.0000  0.0000  0.0000  0.0000  0.0000  0.0000  0.0000  0.0000  0.0000 
-0.3520 -0.1660 -0.0400  0.0430  0.0350  0.0740  0.0620  0.4190  0.8410  0.9610  0.9900  0.9910  1.0000  0.2410  0.0000  0.0000  0.0000  0.0000  0.0000  0.0000  0.0000  0.0000  0.0000  0.0000  0.0000  0.0000  0.0000  0.0000  0.0000  0.0000  0.0000  0.0000  0.0000 
-0.0810 -0.0370 -0.0070  0.0080  0.0090  0.0100  0.0150  0.0950  0.2040  0.2350  0.2400  0.2400  0.2410  1.0000  0.4360  0.3040  0.3480  0.3220  0.3040  0.2840  0.2690  0.1680  0.2440  0.1720  0.1410  0.1710  0.1410  0.1200  0.1560  0.1410  0.1300  0.1750  0.1630 
 0.0000  0.0000  0.0000  0.0000  0.0000  0.0000  0.0000  0.0000  0.0000  0.0000  0.0000  0.0000  0.0000  0.4360  1.0000  0.5210  0.5490  0.5080  0.4800  0.4520  0.4240  0.2660  0.3840  0.2720  0.2260  0.2700  0.2200  0.1930  0.2480  0.2240  0.2110  0.2790  0.2600 
 0.0000  0.0000  0.0000  0.0000  0.0000  0.0000  0.0000  0.0000  0.0000  0.0000  0.0000  0.0000  0.0000  0.3040  0.5210  1.0000  0.6850  0.6040  0.5710  0.5370  0.5020  0.3200  0.4560  0.3230  0.2670  0.3220  0.2660  0.2300  0.2950  0.2650  0.2510  0.3310  0.3090 
 0.0000  0.0000  0.0000  0.0000  0.0000  0.0000  0.0000  0.0000  0.0000  0.0000  0.0000  0.0000  0.0000  0.3480  0.5490  0.6850  1.0000  0.7200  0.6550  0.6160  0.5790  0.3650  0.5230  0.3690  0.3050  0.3670  0.3040  0.2610  0.3380  0.3060  0.2890  0.3790  0.3520 
 0.0000  0.0000  0.0000  0.0000  0.0000  0.0000  0.0000  0.0000  0.0000  0.0000  0.0000  0.0000  0.0000  0.3220  0.5080  0.6040  0.7200  1.0000  0.6180  0.5730  0.5390  0.3380  0.4840  0.3380  0.2810  0.3360  0.2760  0.2400  0.3130  0.2810  0.2670  0.3490  0.3240 
 0.0000  0.0000  0.0000  0.0000  0.0000  0.0000  0.0000  0.0000  0.0000  0.0000  0.0000  0.0000  0.0000  0.3040  0.4800  0.5710  0.6550  0.6180  1.0000  0.5620  0.5140  0.3240  0.4600  0.3200  0.2640  0.3130  0.2590  0.2240  0.2950  0.2630  0.2530  0.3290  0.3040 
 0.0000  0.0000  0.0000  0.0000  0.0000  0.0000  0.0000  0.0000  0.0000  0.0000  0.0000  0.0000  0.0000  0.2840  0.4520  0.5370  0.6160  0.5730  0.5620  1.0000  0.5130  0.3080  0.4290  0.3010  0.2450  0.2910  0.2400  0.2060  0.2750  0.2410  0.2390  0.3060  0.2840 
 0.0000  0.0000  0.0000  0.0000  0.0000  0.0000  0.0000  0.0000  0.0000  0.0000  0.0000  0.0000  0.0000  0.2690  0.4240  0.5020  0.5790  0.5390  0.5140  0.5130  1.0000  0.3490  0.4160  0.2920  0.2360  0.2850  0.2350  0.2020  0.2630  0.2390  0.2300  0.3020  0.2770 
 0.0000  0.0000  0.0000  0.0000  0.0000  0.0000  0.0000  0.0000  0.0000  0.0000  0.0000  0.0000  0.0000  0.1680  0.2660  0.3200  0.3650  0.3380  0.3240  0.3080  0.3490  1.0000  0.2800  0.1930  0.1550  0.1910  0.1590  0.1410  0.1690  0.1590  0.1490  0.1990  0.1900 
 0.0000  0.0000  0.0000  0.0000  0.0000  0.0000  0.0000  0.0000  0.0000  0.0000  0.0000  0.0000  0.0000  0.2440  0.3840  0.4560  0.5230  0.4840  0.4600  0.4290  0.4160  0.2800  1.0000  0.3190  0.2320  0.2850  0.2410  0.2130  0.2500  0.2420  0.2080  0.2940  0.2860 
 0.0000  0.0000  0.0000  0.0000  0.0000  0.0000  0.0000  0.0000  0.0000  0.0000  0.0000  0.0000  0.0000  0.1720  0.2720  0.3230  0.3690  0.3380  0.3200  0.3010  0.2920  0.1930  0.3190  1.0000  0.2270  0.2220  0.1800  0.1540  0.1780  0.1700  0.1390  0.2210  0.2210 
 0.0000  0.0000  0.0000  0.0000  0.0000  0.0000  0.0000  0.0000  0.0000  0.0000  0.0000  0.0000  0.0000  0.1410  0.2260  0.2670  0.3050  0.2810  0.2640  0.2450  0.2360  0.1550  0.2320  0.2270  1.0000  0.3520  0.1590  0.1350  0.1540  0.1460  0.1230  0.1890  0.1900 
 0.0000  0.0000  0.0000  0.0000  0.0000  0.0000  0.0000  0.0000  0.0000  0.0000  0.0000  0.0000  0.0000  0.1710  0.2700  0.3220  0.3670  0.3360  0.3130  0.2910  0.2850  0.1910  0.2850  0.2220  0.3520  1.0000  0.4750  0.1990  0.2260  0.1950  0.1550  0.3050  0.3290 
 0.0000  0.0000  0.0000  0.0000  0.0000  0.0000  0.0000  0.0000  0.0000  0.0000  0.0000  0.0000  0.0000  0.1410  0.2200  0.2660  0.3040  0.2760  0.2590  0.2400  0.2350  0.1590  0.2410  0.1800  0.1590  0.4750  1.0000  0.4140  0.3520  0.2200  0.2170  0.4320  0.4800 
 0.0000  0.0000  0.0000  0.0000  0.0000  0.0000  0.0000  0.0000  0.0000  0.0000  0.0000  0.0000  0.0000  0.1200  0.1930  0.2300  0.2610  0.2400  0.2240  0.2060  0.2020  0.1410  0.2130  0.1540  0.1350  0.1990  0.4140  1.0000  0.5590  0.2700  0.3500  0.4870  0.4690 
 0.0000  0.0000  0.0000  0.0000  0.0000  0.0000  0.0000  0.0000  0.0000  0.0000  0.0000  0.0000  0.0000  0.1560  0.2480  0.2950  0.3380  0.3130  0.2950  0.2750  0.2630  0.1690  0.2500  0.1780  0.1540  0.2260  0.3520  0.5590  1.0000  0.4070  0.5840  0.5450  0.3770 
 0.0000  0.0000  0.0000  0.0000  0.0000  0.0000  0.0000  0.0000  0.0000  0.0000  0.0000  0.0000  0.0000  0.1410  0.2240  0.2650  0.3060  0.2810  0.2630  0.2410  0.2390  0.1590  0.2420  0.1700  0.1460  0.1950  0.2200  0.2700  0.4070  1.0000  0.5260  0.4200  0.2820 
 0.0000  0.0000  0.0000  0.0000  0.0000  0.0000  0.0000  0.0000  0.0000  0.0000  0.0000  0.0000  0.0000  0.1300  0.2110  0.2510  0.2890  0.2670  0.2530  0.2390  0.2300  0.1490  0.2080  0.1390  0.1230  0.1550  0.2170  0.3500  0.5840  0.5260  1.0000  0.7560  0.4000 
 0.0000  0.0000  0.0000  0.0000  0.0000  0.0000  0.0000  0.0000  0.0000  0.0000  0.0000  0.0000  0.0000  0.1750  0.2790  0.3310  0.3790  0.3490  0.3290  0.3060  0.3020  0.1990  0.2940  0.2210  0.1890  0.3050  0.4320  0.4870  0.5450  0.4200  0.7560  1.0000  0.8820 
 0.0000  0.0000  0.0000  0.0000  0.0000  0.0000  0.0000  0.0000  0.0000  0.0000  0.0000  0.0000  0.0000  0.1630  0.2600  0.3090  0.3520  0.3240  0.3040  0.2840  0.2770  0.1900  0.2860  0.2210  0.1900  0.3290  0.4800  0.4690  0.3770  0.2820  0.4000  0.8820  1.0000 
