 1.0000  0.9360  0.9410  0.9610  0.9370  0.9500  0.9790  0.9030  0.8250  0.7870  0.7590  0.7210  0.6630  0.6300  0.5990  0.5770  0.5760  0.6010  0.6470  0.6740  0.4630  0.0000  0.0000  0.0000  0.0000  0.0000  0.0000  0.0000  0.0000  0.0000  0.0000  0.0000  0.0000 
 0.9360  1.0000  0.9440  0.8470  0.8060  0.8690  0.9100  0.7910  0.6670  0.5950  0.5470  0.4870  0.4180  0.3870  0.3560  0.3410  0.3480  0.3860  0.4490  0.4830  0.3320  0.0000  0.0000  0.0000  0.0000  0.0000  0.0000  0.0000  0.0000  0.0000  0.0000  0.0000  0.0000 
 0.9410  0.9440  1.0000  0.9270  0.7810  0.8070  0.8980  0.8690  0.7790  0.7080  0.6510  0.5720  0.4760  0.4390  0.4040  0.3820  0.3860  0.4170  0.4680  0.4990  0.3430  0.0000  0.0000  0.0000  0.0000  0.0000  0.0000  0.0000  0.0000  0.0000  0.0000  0.0000  0.0000 
 0.9610  0.8470  0.9270  1.0000  0.9070  0.8790  0.9270  0.9210  0.8830  0.8600  0.8410  0.8030  0.7410  0.7100  0.6800  0.6590  0.6540  0.6720  0.7060  0.7260  0.4980  0.0000  0.0000  0.0000  0.0000  0.0000  0.0000  0.0000  0.0000  0.0000  0.0000  0.0000  0.0000 
 0.9370  0.8060  0.7810  0.9070  1.0000  0.9800  0.9370  0.8370  0.7990  0.8110  0.8210  0.8310  0.8170  0.7970  0.7720  0.7520  0.7440  0.7560  0.7870  0.8030  0.5520  0.0000  0.0000  0.0000  0.0000  0.0000  0.0000  0.0000  0.0000  0.0000  0.0000  0.0000  0.0000 
 0.9500  0.8690  0.8070  0.8790  0.9800  1.0000  0.9580  0.8240  0.7580  0.7490  0.7470  0.7470  0.7260  0.7020  0.6770  0.6550  0.6510  0.6700  0.7100  0.7320  0.5040  0.0000  0.0000  0.0000  0.0000  0.0000  0.0000  0.0000  0.0000  0.0000  0.0000  0.0000  0.0000 
 0.9790  0.9100  0.8980  0.9270  0.9370  0.9580  1.0000  0.9320  0.8650  0.8280  0.8020  0.7600  0.6980  0.6630  0.6290  0.6040  0.5980  0.6180  0.6620  0.6860  0.4720  0.0000  0.0000  0.0000  0.0000  0.0000  0.0000  0.0000  0.0000  0.0000  0.0000  0.0000  0.0000 
 0.9030  0.7910  0.8690  0.9210  0.8370  0.8240  0.9320  1.0000  0.9740  0.9410  0.8990  0.8310  0.7360  0.6950  0.6520  0.6190  0.6060  0.6170  0.6470  0.6640  0.4580  0.0000  0.0000  0.0000  0.0000  0.0000  0.0000  0.0000  0.0000  0.0000  0.0000  0.0000  0.0000 
 0.8250  0.6670  0.7790  0.8830  0.7990  0.7580  0.8650  0.9740  1.0000  0.9840  0.9560  0.8940  0.8030  0.7580  0.7170  0.6790  0.6590  0.6570  0.6740  0.6850  0.4700  0.0000  0.0000  0.0000  0.0000  0.0000  0.0000  0.0000  0.0000  0.0000  0.0000  0.0000  0.0000 
 0.7870  0.5950  0.7080  0.8600  0.8110  0.7490  0.8280  0.9410  0.9840  1.0000  0.9860  0.9490  0.8770  0.8440  0.8060  0.7720  0.7520  0.7450  0.7530  0.7580  0.5220  0.0000  0.0000  0.0000  0.0000  0.0000  0.0000  0.0000  0.0000  0.0000  0.0000  0.0000  0.0000 
 0.7590  0.5470  0.6510  0.8410  0.8210  0.7470  0.8020  0.8990  0.9560  0.9860  1.0000  0.9810  0.9340  0.9070  0.8780  0.8480  0.8290  0.8220  0.8230  0.8260  0.5670  0.0000  0.0000  0.0000  0.0000  0.0000  0.0000  0.0000  0.0000  0.0000  0.0000  0.0000  0.0000 
 0.7210  0.4870  0.5720  0.8030  0.8310  0.7470  0.7600  0.8310  0.8940  0.9490  0.9810  1.0000  0.9810  0.9650  0.9470  0.9240  0.9100  0.9010  0.8970  0.8970  0.6170  0.0000  0.0000  0.0000  0.0000  0.0000  0.0000  0.0000  0.0000  0.0000  0.0000  0.0000  0.0000 
 0.6630  0.4180  0.4760  0.7410  0.8170  0.7260  0.6980  0.7360  0.8030  0.8770  0.9340  0.9810  1.0000  0.9930  0.9850  0.9730  0.9610  0.9520  0.9450  0.9410  0.6470  0.0000  0.0000  0.0000  0.0000  0.0000  0.0000  0.0000  0.0000  0.0000  0.0000  0.0000  0.0000 
 0.6300  0.3870  0.4390  0.7100  0.7970  0.7020  0.6630  0.6950  0.7580  0.8440  0.9070  0.9650  0.9930  1.0000  0.9950  0.9870  0.9780  0.9700  0.9590  0.9530  0.6570  0.0000  0.0000  0.0000  0.0000  0.0000  0.0000  0.0000  0.0000  0.0000  0.0000  0.0000  0.0000 
 0.5990  0.3560  0.4040  0.6800  0.7720  0.6770  0.6290  0.6520  0.7170  0.8060  0.8780  0.9470  0.9850  0.9950  1.0000  0.9940  0.9890  0.9830  0.9700  0.9650  0.6630  0.0000  0.0000  0.0000  0.0000  0.0000  0.0000  0.0000  0.0000  0.0000  0.0000  0.0000  0.0000 
 0.5770  0.3410  0.3820  0.6590  0.7520  0.6550  0.6040  0.6190  0.6790  0.7720  0.8480  0.9240  0.9730  0.9870  0.9940  1.0000  0.9960  0.9900  0.9810  0.9730  0.6700  0.0000  0.0000  0.0000  0.0000  0.0000  0.0000  0.0000  0.0000  0.0000  0.0000  0.0000  0.0000 
 0.5760  0.3480  0.3860  0.6540  0.7440  0.6510  0.5980  0.6060  0.6590  0.7520  0.8290  0.9100  0.9610  0.9780  0.9890  0.9960  1.0000  0.9950  0.9870  0.9800  0.6760  0.0000  0.0000  0.0000  0.0000  0.0000  0.0000  0.0000  0.0000  0.0000  0.0000  0.0000  0.0000 
 0.6010  0.3860  0.4170  0.6720  0.7560  0.6700  0.6180  0.6170  0.6570  0.7450  0.8220  0.9010  0.9520  0.9700  0.9830  0.9900  0.9950  1.0000  0.9920  0.9900  0.6800  0.0000  0.0000  0.0000  0.0000  0.0000  0.0000  0.0000  0.0000  0.0000  0.0000  0.0000  0.0000 
 0.6470  0.4490  0.4680  0.7060  0.7870  0.7100  0.6620  0.6470  0.6740  0.7530  0.8230  0.8970  0.9450  0.9590  0.9700  0.9810  0.9870  0.9920  1.0000  0.9960  0.6860  0.0000  0.0000  0.0000  0.0000  0.0000  0.0000  0.0000  0.0000  0.0000  0.0000  0.0000  0.0000 
 0.6740  0.4830  0.4990  0.7260  0.8030  0.7320  0.6860  0.6640  0.6850  0.7580  0.8260  0.8970  0.9410  0.9530  0.9650  0.9730  0.9800  0.9900  0.9960  1.0000  0.6850  0.0000  0.0000  0.0000  0.0000  0.0000  0.0000  0.0000  0.0000  0.0000  0.0000  0.0000  0.0000 
 0.4630  0.3320  0.3430  0.4980  0.5520  0.5040  0.4720  0.4580  0.4700  0.5220  0.5670  0.6170  0.6470  0.6570  0.6630  0.6700  0.6760  0.6800  0.6860  0.6850  1.0000  0.7200  0.7200  0.7200  0.7200  0.7200  0.7200  0.7200  0.7200  0.7200  0.7190  0.0000  0.0000 
 0.0000  0.0000  0.0000  0.0000  0.0000  0.0000  0.0000  0.0000  0.0000  0.0000  0.0000  0.0000  0.0000  0.0000  0.0000  0.0000  0.0000  0.0000  0.0000  0.0000  0.7200  1.0000  0.9990  0.9990  0.9990  0.9990  0.9990  0.9990  0.9990  0.9990  0.9960  0.0000  0.0000 
 0.0000  0.0000  0.0000  0.0000  0.0000  0.0000  0.0000  0.0000  0.0000  0.0000  0.0000  0.0000  0.0000  0.0000  0.0000  0.0000  0.0000  0.0000  0.0000  0.0000  0.7200  0.9990  1.0000  0.9990  0.9990  0.9990  0.9990  0.9990  0.9990  0.9990  0.9960  0.0000  0.0000 
 0.0000  0.0000  0.0000  0.0000  0.0000  0.0000  0.0000  0.0000  0.0000  0.0000  0.0000  0.0000  0.0000  0.0000  0.0000  0.0000  0.0000  0.0000  0.0000  0.0000  0.7200  0.9990  0.9990  1.0000  0.9990  0.9990  0.9990  0.9990  0.9990  0.9990  0.9960  0.0000  0.0000 
 0.0000  0.0000  0.0000  0.0000  0.0000  0.0000  0.0000  0.0000  0.0000  0.0000  0.0000  0.0000  0.0000  0.0000  0.0000  0.0000  0.0000  0.0000  0.0000  0.0000  0.7200  0.9990  0.9990  0.9990  1.0000  0.9990  0.9990  0.9990  0.9990  0.9990  0.9960  0.0000  0.0000 
 0.0000  0.0000  0.0000  0.0000  0.0000  0.0000  0.0000  0.0000  0.0000  0.0000  0.0000  0.0000  0.0000  0.0000  0.0000  0.0000  0.0000  0.0000  0.0000  0.0000  0.7200  0.9990  0.9990  0.9990  0.9990  1.0000  0.9990  0.9990  0.9990  0.9990  0.9960  0.0000  0.0000 
 0.0000  0.0000  0.0000  0.0000  0.0000  0.0000  0.0000  0.0000  0.0000  0.0000  0.0000  0.0000  0.0000  0.0000  0.0000  0.0000  0.0000  0.0000  0.0000  0.0000  0.7200  0.9990  0.9990  0.9990  0.9990  0.9990  1.0000  0.9990  0.9990  0.9990  0.9960  0.0000  0.0000 
 0.0000  0.0000  0.0000  0.0000  0.0000  0.0000  0.0000  0.0000  0.0000  0.0000  0.0000  0.0000  0.0000  0.0000  0.0000  0.0000  0.0000  0.0000  0.0000  0.0000  0.7200  0.9990  0.9990  0.9990  0.9990  0.9990  0.9990  1.0000  0.9990  0.9990  0.9960  0.0000  0.0000 
 0.0000  0.0000  0.0000  0.0000  0.0000  0.0000  0.0000  0.0000  0.0000  0.0000  0.0000  0.0000  0.0000  0.0000  0.0000  0.0000  0.0000  0.0000  0.0000  0.0000  0.7200  0.9990  0.9990  0.9990  0.9990  0.9990  0.9990  0.9990  1.0000  0.9990  0.9960  0.0000  0.0000 
 0.0000  0.0000  0.0000  0.0000  0.0000  0.0000  0.0000  0.0000  0.0000  0.0000  0.0000  0.0000  0.0000  0.0000  0.0000  0.0000  0.0000  0.0000  0.0000  0.0000  0.7200  0.9990  0.9990  0.9990  0.9990  0.9990  0.9990  0.9990  0.9990  1.0000  0.9960  0.0000  0.0000 
 0.0000  0.0000  0.0000  0.0000  0.0000  0.0000  0.0000  0.0000  0.0000  0.0000  0.0000  0.0000  0.0000  0.0000  0.0000  0.0000  0.0000  0.0000  0.0000  0.0000  0.7190  0.9960  0.9960  0.9960  0.9960  0.9960  0.9960  0.9960  0.9960  0.9960  1.0000  0.0710  0.0710 
 0.0000  0.0000  0.0000  0.0000  0.0000  0.0000  0.0000  0.0000  0.0000  0.0000  0.0000  0.0000  0.0000  0.0000  0.0000  0.0000  0.0000  0.0000  0.0000  0.0000  0.0000  0.0000  0.0000  0.0000  0.0000  0.0000  0.0000  0.0000  0.0000  0.0000  0.0710  1.0000  0.9990 
 0.0000  0.0000  0.0000  0.0000  0.0000  0.0000  0.0000  0.0000  0.0000  0.0000  0.0000  0.0000  0.0000  0.0000  0.0000  0.0000  0.0000  0.0000  0.0000  0.0000  0.0000  0.0000  0.0000  0.0000  0.0000  0.0000  0.0000  0.0000  0.0000  0.0000  0.0710  0.9990  1.0000 
