 1.0000  0.7770  0.7640  0.7790  0.7950  0.8070  0.7510  0.6560  0.3870  0.2930  0.2460  0.2100  0.2150  0.2320  0.2420  0.2490  0.2540  0.2530  0.2540  0.2530  0.1440  0.0000  0.0000  0.0000  0.0000  0.0000  0.0000  0.0000  0.0000  0.0000  0.0000  0.0000  0.0000 
 0.7770  1.0000  0.7670  0.7870  0.7930  0.8130  0.7570  0.6640  0.3890  0.2780  0.2230  0.1810  0.1820  0.1990  0.2110  0.2190  0.2230  0.2240  0.2240  0.2240  0.1270  0.0000  0.0000  0.0000  0.0000  0.0000  0.0000  0.0000  0.0000  0.0000  0.0000  0.0000  0.0000 
 0.7640  0.7670  1.0000  0.9100  0.7930  0.8160  0.7720  0.6930  0.4230  0.2860  0.2140  0.1660  0.1780  0.2010  0.2210  0.2340  0.2420  0.2410  0.2410  0.2390  0.1370  0.0000  0.0000  0.0000  0.0000  0.0000  0.0000  0.0000  0.0000  0.0000  0.0000  0.0000  0.0000 
 0.7790  0.7870  0.9100  1.0000  0.8900  0.8740  0.7980  0.6870  0.3620  0.1550  0.0470 -0.0240 -0.0340 -0.0160  0.0000  0.0120  0.0210  0.0250  0.0260  0.0260  0.0140  0.0000  0.0000  0.0000  0.0000  0.0000  0.0000  0.0000  0.0000  0.0000  0.0000  0.0000  0.0000 
 0.7950  0.7930  0.7930  0.8900  1.0000  0.9210  0.7790  0.6570  0.3810  0.3310  0.3040  0.2720  0.2560  0.2580  0.2570  0.2510  0.2510  0.2490  0.2480  0.2470  0.1410  0.0000  0.0000  0.0000  0.0000  0.0000  0.0000  0.0000  0.0000  0.0000  0.0000  0.0000  0.0000 
 0.8070  0.8130  0.8160  0.8740  0.9210  1.0000  0.9190  0.8730  0.5940  0.4540  0.3670  0.2920  0.2690  0.2730  0.2740  0.2730  0.2680  0.2680  0.2650  0.2660  0.1500  0.0000  0.0000  0.0000  0.0000  0.0000  0.0000  0.0000  0.0000  0.0000  0.0000  0.0000  0.0000 
 0.7510  0.7570  0.7720  0.7980  0.7790  0.9190  1.0000  0.8480  0.4480  0.2470  0.1620  0.1130  0.1340  0.1630  0.1880  0.2040  0.2160  0.2140  0.2120  0.2100  0.1190  0.0000  0.0000  0.0000  0.0000  0.0000  0.0000  0.0000  0.0000  0.0000  0.0000  0.0000  0.0000 
 0.6560  0.6640  0.6930  0.6870  0.6570  0.8730  0.8480  1.0000  0.8380  0.6220  0.4580  0.3220  0.2950  0.3050  0.3130  0.3170  0.3140  0.3160  0.3150  0.3150  0.1800  0.0000  0.0000  0.0000  0.0000  0.0000  0.0000  0.0000  0.0000  0.0000  0.0000  0.0000  0.0000 
 0.3870  0.3890  0.4230  0.3620  0.3810  0.5940  0.4480  0.8380  1.0000  0.8850  0.7190  0.5500  0.4710  0.4460  0.4200  0.3970  0.3750  0.3730  0.3750  0.3770  0.2140  0.0000  0.0000  0.0000  0.0000  0.0000  0.0000  0.0000  0.0000  0.0000  0.0000  0.0000  0.0000 
 0.2930  0.2780  0.2860  0.1550  0.3310  0.4540  0.2470  0.6220  0.8850  1.0000  0.9550  0.8590  0.7910  0.7530  0.7120  0.6770  0.6450  0.6400  0.6380  0.6400  0.3680  0.0000  0.0000  0.0000  0.0000  0.0000  0.0000  0.0000  0.0000  0.0000  0.0000  0.0000  0.0000 
 0.2460  0.2230  0.2140  0.0470  0.3040  0.3670  0.1620  0.4580  0.7190  0.9550  1.0000  0.9690  0.9250  0.8900  0.8480  0.8110  0.7780  0.7710  0.7670  0.7690  0.4420  0.0000  0.0000  0.0000  0.0000  0.0000  0.0000  0.0000  0.0000  0.0000  0.0000  0.0000  0.0000 
 0.2100  0.1810  0.1660 -0.0240  0.2720  0.2920  0.1130  0.3220  0.5500  0.8590  0.9690  1.0000  0.9810  0.9550  0.9200  0.8870  0.8560  0.8490  0.8450  0.8460  0.4850  0.0000  0.0000  0.0000  0.0000  0.0000  0.0000  0.0000  0.0000  0.0000  0.0000  0.0000  0.0000 
 0.2150  0.1820  0.1780 -0.0340  0.2560  0.2690  0.1340  0.2950  0.4710  0.7910  0.9250  0.9810  1.0000  0.9910  0.9730  0.9510  0.9310  0.9240  0.9210  0.9220  0.5280  0.0000  0.0000  0.0000  0.0000  0.0000  0.0000  0.0000  0.0000  0.0000  0.0000  0.0000  0.0000 
 0.2320  0.1990  0.2010 -0.0160  0.2580  0.2730  0.1630  0.3050  0.4460  0.7530  0.8900  0.9550  0.9910  1.0000  0.9920  0.9790  0.9670  0.9610  0.9590  0.9600  0.5490  0.0000  0.0000  0.0000  0.0000  0.0000  0.0000  0.0000  0.0000  0.0000  0.0000  0.0000  0.0000 
 0.2420  0.2110  0.2210  0.0000  0.2570  0.2740  0.1880  0.3130  0.4200  0.7120  0.8480  0.9200  0.9730  0.9920  1.0000  0.9940  0.9870  0.9840  0.9830  0.9830  0.5620  0.0000  0.0000  0.0000  0.0000  0.0000  0.0000  0.0000  0.0000  0.0000  0.0000  0.0000  0.0000 
 0.2490  0.2190  0.2340  0.0120  0.2510  0.2730  0.2040  0.3170  0.3970  0.6770  0.8110  0.8870  0.9510  0.9790  0.9940  1.0000  0.9960  0.9950  0.9930  0.9930  0.5700  0.0000  0.0000  0.0000  0.0000  0.0000  0.0000  0.0000  0.0000  0.0000  0.0000  0.0000  0.0000 
 0.2540  0.2230  0.2420  0.0210  0.2510  0.2680  0.2160  0.3140  0.3750  0.6450  0.7780  0.8560  0.9310  0.9670  0.9870  0.9960  1.0000  0.9970  0.9970  0.9970  0.5720  0.0000  0.0000  0.0000  0.0000  0.0000  0.0000  0.0000  0.0000  0.0000  0.0000  0.0000  0.0000 
 0.2530  0.2240  0.2410  0.0250  0.2490  0.2680  0.2140  0.3160  0.3730  0.6400  0.7710  0.8490  0.9240  0.9610  0.9840  0.9950  0.9970  1.0000  0.9970  0.9970  0.5720  0.0000  0.0000  0.0000  0.0000  0.0000  0.0000  0.0000  0.0000  0.0000  0.0000  0.0000  0.0000 
 0.2540  0.2240  0.2410  0.0260  0.2480  0.2650  0.2120  0.3150  0.3750  0.6380  0.7670  0.8450  0.9210  0.9590  0.9830  0.9930  0.9970  0.9970  1.0000  0.9970  0.5710  0.0000  0.0000  0.0000  0.0000  0.0000  0.0000  0.0000  0.0000  0.0000  0.0000  0.0000  0.0000 
 0.2530  0.2240  0.2390  0.0260  0.2470  0.2660  0.2100  0.3150  0.3770  0.6400  0.7690  0.8460  0.9220  0.9600  0.9830  0.9930  0.9970  0.9970  0.9970  1.0000  0.5710  0.0000  0.0000  0.0000  0.0000  0.0000  0.0000  0.0000  0.0000  0.0000  0.0000  0.0000  0.0000 
 0.1440  0.1270  0.1370  0.0140  0.1410  0.1500  0.1190  0.1800  0.2140  0.3680  0.4420  0.4850  0.5280  0.5490  0.5620  0.5700  0.5720  0.5720  0.5710  0.5710  1.0000  0.8150  0.8150  0.8150  0.8150  0.8150  0.8150  0.8150  0.8150  0.8150  0.8150  0.0000  0.0000 
 0.0000  0.0000  0.0000  0.0000  0.0000  0.0000  0.0000  0.0000  0.0000  0.0000  0.0000  0.0000  0.0000  0.0000  0.0000  0.0000  0.0000  0.0000  0.0000  0.0000  0.8150  1.0000  0.9990  0.9990  0.9990  0.9990  0.9990  0.9990  0.9990  0.9990  0.9980  0.0000  0.0000 
 0.0000  0.0000  0.0000  0.0000  0.0000  0.0000  0.0000  0.0000  0.0000  0.0000  0.0000  0.0000  0.0000  0.0000  0.0000  0.0000  0.0000  0.0000  0.0000  0.0000  0.8150  0.9990  1.0000  0.9990  0.9990  0.9990  0.9990  0.9990  0.9990  0.9990  0.9980  0.0000  0.0000 
 0.0000  0.0000  0.0000  0.0000  0.0000  0.0000  0.0000  0.0000  0.0000  0.0000  0.0000  0.0000  0.0000  0.0000  0.0000  0.0000  0.0000  0.0000  0.0000  0.0000  0.8150  0.9990  0.9990  1.0000  0.9990  0.9990  0.9990  0.9990  0.9990  0.9990  0.9980  0.0000  0.0000 
 0.0000  0.0000  0.0000  0.0000  0.0000  0.0000  0.0000  0.0000  0.0000  0.0000  0.0000  0.0000  0.0000  0.0000  0.0000  0.0000  0.0000  0.0000  0.0000  0.0000  0.8150  0.9990  0.9990  0.9990  1.0000  0.9990  0.9990  0.9990  0.9990  0.9990  0.9980  0.0000  0.0000 
 0.0000  0.0000  0.0000  0.0000  0.0000  0.0000  0.0000  0.0000  0.0000  0.0000  0.0000  0.0000  0.0000  0.0000  0.0000  0.0000  0.0000  0.0000  0.0000  0.0000  0.8150  0.9990  0.9990  0.9990  0.9990  1.0000  0.9990  0.9990  0.9990  0.9990  0.9980  0.0000  0.0000 
 0.0000  0.0000  0.0000  0.0000  0.0000  0.0000  0.0000  0.0000  0.0000  0.0000  0.0000  0.0000  0.0000  0.0000  0.0000  0.0000  0.0000  0.0000  0.0000  0.0000  0.8150  0.9990  0.9990  0.9990  0.9990  0.9990  1.0000  0.9990  0.9990  0.9990  0.9980  0.0000  0.0000 
 0.0000  0.0000  0.0000  0.0000  0.0000  0.0000  0.0000  0.0000  0.0000  0.0000  0.0000  0.0000  0.0000  0.0000  0.0000  0.0000  0.0000  0.0000  0.0000  0.0000  0.8150  0.9990  0.9990  0.9990  0.9990  0.9990  0.9990  1.0000  0.9990  0.9990  0.9980  0.0000  0.0000 
 0.0000  0.0000  0.0000  0.0000  0.0000  0.0000  0.0000  0.0000  0.0000  0.0000  0.0000  0.0000  0.0000  0.0000  0.0000  0.0000  0.0000  0.0000  0.0000  0.0000  0.8150  0.9990  0.9990  0.9990  0.9990  0.9990  0.9990  0.9990  1.0000  0.9990  0.9980  0.0000  0.0000 
 0.0000  0.0000  0.0000  0.0000  0.0000  0.0000  0.0000  0.0000  0.0000  0.0000  0.0000  0.0000  0.0000  0.0000  0.0000  0.0000  0.0000  0.0000  0.0000  0.0000  0.8150  0.9990  0.9990  0.9990  0.9990  0.9990  0.9990  0.9990  0.9990  1.0000  0.9980  0.0000  0.0000 
 0.0000  0.0000  0.0000  0.0000  0.0000  0.0000  0.0000  0.0000  0.0000  0.0000  0.0000  0.0000  0.0000  0.0000  0.0000  0.0000  0.0000  0.0000  0.0000  0.0000  0.8150  0.9980  0.9980  0.9980  0.9980  0.9980  0.9980  0.9980  0.9980  0.9980  1.0000  0.0340  0.0340 
 0.0000  0.0000  0.0000  0.0000  0.0000  0.0000  0.0000  0.0000  0.0000  0.0000  0.0000  0.0000  0.0000  0.0000  0.0000  0.0000  0.0000  0.0000  0.0000  0.0000  0.0000  0.0000  0.0000  0.0000  0.0000  0.0000  0.0000  0.0000  0.0000  0.0000  0.0340  1.0000  0.9990 
 0.0000  0.0000  0.0000  0.0000  0.0000  0.0000  0.0000  0.0000  0.0000  0.0000  0.0000  0.0000  0.0000  0.0000  0.0000  0.0000  0.0000  0.0000  0.0000  0.0000  0.0000  0.0000  0.0000  0.0000  0.0000  0.0000  0.0000  0.0000  0.0000  0.0000  0.0340  0.9990  1.0000 
