 1.0000  0.7120 -0.3970 -0.4360 -0.4070 -0.3090 -0.1670 -0.0800 -0.0030  0.0500  0.0630  0.0760  0.1000  0.1080  0.1190  0.1260  0.1290  0.1290  0.1300  0.1300  0.1210  0.0000  0.0000  0.0000  0.0000  0.0000  0.0000  0.0000  0.0000  0.0000  0.0000  0.0000  0.0000 
 0.7120  1.0000  0.3270  0.2720  0.2730  0.2140  0.1010  0.0570  0.0520  0.0980  0.1420  0.1720  0.1930  0.2060  0.2110  0.2150  0.2170  0.2160  0.2160  0.2170  0.2050  0.0000  0.0000  0.0000  0.0000  0.0000  0.0000  0.0000  0.0000  0.0000  0.0000  0.0000  0.0000 
-0.3970  0.3270  1.0000  0.9910  0.9660  0.8110  0.5260  0.3280  0.1760  0.0660  0.0350  0.0030 -0.0070 -0.0080 -0.0070 -0.0050 -0.0050 -0.0030 -0.0020 -0.0020 -0.0020  0.0000  0.0000  0.0000  0.0000  0.0000  0.0000  0.0000  0.0000  0.0000  0.0000  0.0000  0.0000 
-0.4360  0.2720  0.9910  1.0000  0.9840  0.8500  0.5740  0.3650  0.2100  0.0810  0.0300 -0.0190 -0.0420 -0.0480 -0.0520 -0.0530 -0.0540 -0.0520 -0.0510 -0.0510 -0.0480  0.0000  0.0000  0.0000  0.0000  0.0000  0.0000  0.0000  0.0000  0.0000  0.0000  0.0000  0.0000 
-0.4070  0.2730  0.9660  0.9840  1.0000  0.9120  0.6500  0.4400  0.3100  0.1870  0.1180  0.0390 -0.0020 -0.0190 -0.0320 -0.0410 -0.0450 -0.0440 -0.0430 -0.0430 -0.0400  0.0000  0.0000  0.0000  0.0000  0.0000  0.0000  0.0000  0.0000  0.0000  0.0000  0.0000  0.0000 
-0.3090  0.2140  0.8110  0.8500  0.9120  1.0000  0.8800  0.7170  0.6010  0.4100  0.2400  0.0710 -0.0170 -0.0480 -0.0720 -0.0930 -0.0980 -0.1000 -0.0980 -0.0960 -0.0900  0.0000  0.0000  0.0000  0.0000  0.0000  0.0000  0.0000  0.0000  0.0000  0.0000  0.0000  0.0000 
-0.1670  0.1010  0.5260  0.5740  0.6500  0.8800  1.0000  0.9280  0.8050  0.5130  0.2400 -0.0040 -0.1060 -0.1350 -0.1550 -0.1670 -0.1720 -0.1720 -0.1690 -0.1680 -0.1600  0.0000  0.0000  0.0000  0.0000  0.0000  0.0000  0.0000  0.0000  0.0000  0.0000  0.0000  0.0000 
-0.0800  0.0570  0.3280  0.3650  0.4400  0.7170  0.9280  1.0000  0.9320  0.6750  0.3930  0.1380  0.0410  0.0250  0.0110  0.0020  0.0000  0.0010  0.0030  0.0050  0.0060  0.0000  0.0000  0.0000  0.0000  0.0000  0.0000  0.0000  0.0000  0.0000  0.0000  0.0000  0.0000 
-0.0030  0.0520  0.1760  0.2100  0.3100  0.6010  0.8050  0.9320  1.0000  0.8820  0.6700  0.4380  0.3290  0.2940  0.2620  0.2370  0.2250  0.2210  0.2230  0.2260  0.2120  0.0000  0.0000  0.0000  0.0000  0.0000  0.0000  0.0000  0.0000  0.0000  0.0000  0.0000  0.0000 
 0.0500  0.0980  0.0660  0.0810  0.1870  0.4100  0.5130  0.6750  0.8820  1.0000  0.9330  0.7950  0.7020  0.6600  0.6140  0.5730  0.5540  0.5460  0.5460  0.5470  0.5160  0.0000  0.0000  0.0000  0.0000  0.0000  0.0000  0.0000  0.0000  0.0000  0.0000  0.0000  0.0000 
 0.0630  0.1420  0.0350  0.0300  0.1180  0.2400  0.2400  0.3930  0.6700  0.9330  1.0000  0.9540  0.8950  0.8540  0.8070  0.7650  0.7430  0.7330  0.7330  0.7340  0.6910  0.0000  0.0000  0.0000  0.0000  0.0000  0.0000  0.0000  0.0000  0.0000  0.0000  0.0000  0.0000 
 0.0760  0.1720  0.0030 -0.0190  0.0390  0.0710 -0.0040  0.1380  0.4380  0.7950  0.9540  1.0000  0.9760  0.9470  0.9100  0.8730  0.8520  0.8440  0.8420  0.8410  0.7920  0.0000  0.0000  0.0000  0.0000  0.0000  0.0000  0.0000  0.0000  0.0000  0.0000  0.0000  0.0000 
 0.1000  0.1930 -0.0070 -0.0420 -0.0020 -0.0170 -0.1060  0.0410  0.3290  0.7020  0.8950  0.9760  1.0000  0.9900  0.9710  0.9490  0.9350  0.9280  0.9280  0.9270  0.8730  0.0000  0.0000  0.0000  0.0000  0.0000  0.0000  0.0000  0.0000  0.0000  0.0000  0.0000  0.0000 
 0.1080  0.2060 -0.0080 -0.0480 -0.0190 -0.0480 -0.1350  0.0250  0.2940  0.6600  0.8540  0.9470  0.9900  1.0000  0.9910  0.9790  0.9690  0.9630  0.9630  0.9640  0.9070  0.0000  0.0000  0.0000  0.0000  0.0000  0.0000  0.0000  0.0000  0.0000  0.0000  0.0000  0.0000 
 0.1190  0.2110 -0.0070 -0.0520 -0.0320 -0.0720 -0.1550  0.0110  0.2620  0.6140  0.8070  0.9100  0.9710  0.9910  1.0000  0.9920  0.9880  0.9850  0.9860  0.9850  0.9260  0.0000  0.0000  0.0000  0.0000  0.0000  0.0000  0.0000  0.0000  0.0000  0.0000  0.0000  0.0000 
 0.1260  0.2150 -0.0050 -0.0530 -0.0410 -0.0930 -0.1670  0.0020  0.2370  0.5730  0.7650  0.8730  0.9490  0.9790  0.9920  1.0000  0.9960  0.9950  0.9950  0.9950  0.9360  0.0000  0.0000  0.0000  0.0000  0.0000  0.0000  0.0000  0.0000  0.0000  0.0000  0.0000  0.0000 
 0.1290  0.2170 -0.0050 -0.0540 -0.0450 -0.0980 -0.1720  0.0000  0.2250  0.5540  0.7430  0.8520  0.9350  0.9690  0.9880  0.9960  1.0000  0.9960  0.9960  0.9980  0.9400  0.0000  0.0000  0.0000  0.0000  0.0000  0.0000  0.0000  0.0000  0.0000  0.0000  0.0000  0.0000 
 0.1290  0.2160 -0.0030 -0.0520 -0.0440 -0.1000 -0.1720  0.0010  0.2210  0.5460  0.7330  0.8440  0.9280  0.9630  0.9850  0.9950  0.9960  1.0000  0.9970  0.9960  0.9380  0.0000  0.0000  0.0000  0.0000  0.0000  0.0000  0.0000  0.0000  0.0000  0.0000  0.0000  0.0000 
 0.1300  0.2160 -0.0020 -0.0510 -0.0430 -0.0980 -0.1690  0.0030  0.2230  0.5460  0.7330  0.8420  0.9280  0.9630  0.9860  0.9950  0.9960  0.9970  1.0000  0.9960  0.9370  0.0000  0.0000  0.0000  0.0000  0.0000  0.0000  0.0000  0.0000  0.0000  0.0000  0.0000  0.0000 
 0.1300  0.2170 -0.0020 -0.0510 -0.0430 -0.0960 -0.1680  0.0050  0.2260  0.5470  0.7340  0.8410  0.9270  0.9640  0.9850  0.9950  0.9980  0.9960  0.9960  1.0000  0.9390  0.0000  0.0000  0.0000  0.0000  0.0000  0.0000  0.0000  0.0000  0.0000  0.0000  0.0000  0.0000 
 0.1210  0.2050 -0.0020 -0.0480 -0.0400 -0.0900 -0.1600  0.0060  0.2120  0.5160  0.6910  0.7920  0.8730  0.9070  0.9260  0.9360  0.9400  0.9380  0.9370  0.9390  1.0000  0.3330  0.3330  0.3330  0.3330  0.3330  0.3330  0.3330  0.3330  0.3330  0.3230  0.0000  0.0000 
 0.0000  0.0000  0.0000  0.0000  0.0000  0.0000  0.0000  0.0000  0.0000  0.0000  0.0000  0.0000  0.0000  0.0000  0.0000  0.0000  0.0000  0.0000  0.0000  0.0000  0.3330  1.0000  0.9990  0.9990  0.9990  0.9990  0.9990  0.9990  0.9990  0.9990  0.9700  0.0000  0.0000 
 0.0000  0.0000  0.0000  0.0000  0.0000  0.0000  0.0000  0.0000  0.0000  0.0000  0.0000  0.0000  0.0000  0.0000  0.0000  0.0000  0.0000  0.0000  0.0000  0.0000  0.3330  0.9990  1.0000  0.9990  0.9990  0.9990  0.9990  0.9990  0.9990  0.9990  0.9700  0.0000  0.0000 
 0.0000  0.0000  0.0000  0.0000  0.0000  0.0000  0.0000  0.0000  0.0000  0.0000  0.0000  0.0000  0.0000  0.0000  0.0000  0.0000  0.0000  0.0000  0.0000  0.0000  0.3330  0.9990  0.9990  1.0000  0.9990  0.9990  0.9990  0.9990  0.9990  0.9990  0.9700  0.0000  0.0000 
 0.0000  0.0000  0.0000  0.0000  0.0000  0.0000  0.0000  0.0000  0.0000  0.0000  0.0000  0.0000  0.0000  0.0000  0.0000  0.0000  0.0000  0.0000  0.0000  0.0000  0.3330  0.9990  0.9990  0.9990  1.0000  0.9990  0.9990  0.9990  0.9990  0.9990  0.9700  0.0000  0.0000 
 0.0000  0.0000  0.0000  0.0000  0.0000  0.0000  0.0000  0.0000  0.0000  0.0000  0.0000  0.0000  0.0000  0.0000  0.0000  0.0000  0.0000  0.0000  0.0000  0.0000  0.3330  0.9990  0.9990  0.9990  0.9990  1.0000  0.9990  0.9990  0.9990  0.9990  0.9700  0.0000  0.0000 
 0.0000  0.0000  0.0000  0.0000  0.0000  0.0000  0.0000  0.0000  0.0000  0.0000  0.0000  0.0000  0.0000  0.0000  0.0000  0.0000  0.0000  0.0000  0.0000  0.0000  0.3330  0.9990  0.9990  0.9990  0.9990  0.9990  1.0000  0.9990  0.9990  0.9990  0.9700  0.0000  0.0000 
 0.0000  0.0000  0.0000  0.0000  0.0000  0.0000  0.0000  0.0000  0.0000  0.0000  0.0000  0.0000  0.0000  0.0000  0.0000  0.0000  0.0000  0.0000  0.0000  0.0000  0.3330  0.9990  0.9990  0.9990  0.9990  0.9990  0.9990  1.0000  0.9990  0.9990  0.9700  0.0000  0.0000 
 0.0000  0.0000  0.0000  0.0000  0.0000  0.0000  0.0000  0.0000  0.0000  0.0000  0.0000  0.0000  0.0000  0.0000  0.0000  0.0000  0.0000  0.0000  0.0000  0.0000  0.3330  0.9990  0.9990  0.9990  0.9990  0.9990  0.9990  0.9990  1.0000  0.9990  0.9700  0.0000  0.0000 
 0.0000  0.0000  0.0000  0.0000  0.0000  0.0000  0.0000  0.0000  0.0000  0.0000  0.0000  0.0000  0.0000  0.0000  0.0000  0.0000  0.0000  0.0000  0.0000  0.0000  0.3330  0.9990  0.9990  0.9990  0.9990  0.9990  0.9990  0.9990  0.9990  1.0000  0.9700  0.0000  0.0000 
 0.0000  0.0000  0.0000  0.0000  0.0000  0.0000  0.0000  0.0000  0.0000  0.0000  0.0000  0.0000  0.0000  0.0000  0.0000  0.0000  0.0000  0.0000  0.0000  0.0000  0.3230  0.9700  0.9700  0.9700  0.9700  0.9700  0.9700  0.9700  0.9700  0.9700  1.0000  0.2340  0.2340 
 0.0000  0.0000  0.0000  0.0000  0.0000  0.0000  0.0000  0.0000  0.0000  0.0000  0.0000  0.0000  0.0000  0.0000  0.0000  0.0000  0.0000  0.0000  0.0000  0.0000  0.0000  0.0000  0.0000  0.0000  0.0000  0.0000  0.0000  0.0000  0.0000  0.0000  0.2340  1.0000  0.9990 
 0.0000  0.0000  0.0000  0.0000  0.0000  0.0000  0.0000  0.0000  0.0000  0.0000  0.0000  0.0000  0.0000  0.0000  0.0000  0.0000  0.0000  0.0000  0.0000  0.0000  0.0000  0.0000  0.0000  0.0000  0.0000  0.0000  0.0000  0.0000  0.0000  0.0000  0.2340  0.9990  1.0000 
