 1.0000  0.6210  0.1640  0.1690  0.1750  0.0990  0.0960  0.1390  0.1280  0.1060  0.1320  0.2190  0.3030  0.3200  0.3500  0.3080  0.2820  0.2590  0.0000  0.0000  0.0000  0.0000  0.0000  0.0000  0.0000  0.0000  0.0000  0.0000  0.0000  0.0000  0.0000  0.0000  0.0000 
 0.6210  1.0000  0.6070  0.3490  0.2690  0.1370  0.0890  0.0750  0.0520  0.0330  0.0410  0.0850  0.1400  0.1570  0.1750  0.1660  0.1500  0.1370  0.0000  0.0000  0.0000  0.0000  0.0000  0.0000  0.0000  0.0000  0.0000  0.0000  0.0000  0.0000  0.0000  0.0000  0.0000 
 0.1640  0.6070  1.0000  0.7870  0.6360  0.3980  0.2820  0.1930  0.1520  0.1460  0.1530  0.1810  0.2260  0.2370  0.2070  0.1200  0.1100  0.1000  0.0000  0.0000  0.0000  0.0000  0.0000  0.0000  0.0000  0.0000  0.0000  0.0000  0.0000  0.0000  0.0000  0.0000  0.0000 
 0.1690  0.3490  0.7870  1.0000  0.9220  0.6520  0.5180  0.4000  0.3380  0.3330  0.3320  0.3480  0.3800  0.3800  0.3190  0.1610  0.1510  0.1380  0.0000  0.0000  0.0000  0.0000  0.0000  0.0000  0.0000  0.0000  0.0000  0.0000  0.0000  0.0000  0.0000  0.0000  0.0000 
 0.1750  0.2690  0.6360  0.9220  1.0000  0.8710  0.7780  0.6820  0.6240  0.6120  0.5940  0.5680  0.5220  0.4840  0.3810  0.1570  0.1440  0.1310  0.0000  0.0000  0.0000  0.0000  0.0000  0.0000  0.0000  0.0000  0.0000  0.0000  0.0000  0.0000  0.0000  0.0000  0.0000 
 0.0990  0.1370  0.3980  0.6520  0.8710  1.0000  0.9730  0.9250  0.8880  0.8730  0.8430  0.7610  0.6160  0.5320  0.3990  0.1210  0.1100  0.1030  0.0000  0.0000  0.0000  0.0000  0.0000  0.0000  0.0000  0.0000  0.0000  0.0000  0.0000  0.0000  0.0000  0.0000  0.0000 
 0.0960  0.0890  0.2820  0.5180  0.7780  0.9730  1.0000  0.9720  0.9500  0.9370  0.9090  0.8260  0.6700  0.5800  0.4470  0.1620  0.1490  0.1380  0.0000  0.0000  0.0000  0.0000  0.0000  0.0000  0.0000  0.0000  0.0000  0.0000  0.0000  0.0000  0.0000  0.0000  0.0000 
 0.1390  0.0750  0.1930  0.4000  0.6820  0.9250  0.9720  1.0000  0.9850  0.9750  0.9540  0.8820  0.7340  0.6450  0.5180  0.2300  0.2120  0.1940  0.0000  0.0000  0.0000  0.0000  0.0000  0.0000  0.0000  0.0000  0.0000  0.0000  0.0000  0.0000  0.0000  0.0000  0.0000 
 0.1280  0.0520  0.1520  0.3380  0.6240  0.8880  0.9500  0.9850  1.0000  0.9890  0.9740  0.9120  0.7680  0.6830  0.5610  0.2680  0.2460  0.2240  0.0000  0.0000  0.0000  0.0000  0.0000  0.0000  0.0000  0.0000  0.0000  0.0000  0.0000  0.0000  0.0000  0.0000  0.0000 
 0.1060  0.0330  0.1460  0.3330  0.6120  0.8730  0.9370  0.9750  0.9890  1.0000  0.9830  0.9320  0.7990  0.7160  0.5950  0.2930  0.2700  0.2470  0.0000  0.0000  0.0000  0.0000  0.0000  0.0000  0.0000  0.0000  0.0000  0.0000  0.0000  0.0000  0.0000  0.0000  0.0000 
 0.1320  0.0410  0.1530  0.3320  0.5940  0.8430  0.9090  0.9540  0.9740  0.9830  1.0000  0.9670  0.8600  0.7810  0.6660  0.3600  0.3300  0.3020  0.0000  0.0000  0.0000  0.0000  0.0000  0.0000  0.0000  0.0000  0.0000  0.0000  0.0000  0.0000  0.0000  0.0000  0.0000 
 0.2190  0.0850  0.1810  0.3480  0.5680  0.7610  0.8260  0.8820  0.9120  0.9320  0.9670  1.0000  0.9460  0.8850  0.7930  0.4880  0.4470  0.4130  0.0000  0.0000  0.0000  0.0000  0.0000  0.0000  0.0000  0.0000  0.0000  0.0000  0.0000  0.0000  0.0000  0.0000  0.0000 
 0.3030  0.1400  0.2260  0.3800  0.5220  0.6160  0.6700  0.7340  0.7680  0.7990  0.8600  0.9460  1.0000  0.9720  0.9160  0.6510  0.6010  0.5550  0.0000  0.0000  0.0000  0.0000  0.0000  0.0000  0.0000  0.0000  0.0000  0.0000  0.0000  0.0000  0.0000  0.0000  0.0000 
 0.3200  0.1570  0.2370  0.3800  0.4840  0.5320  0.5800  0.6450  0.6830  0.7160  0.7810  0.8850  0.9720  1.0000  0.9690  0.7580  0.7130  0.6670  0.0000  0.0000  0.0000  0.0000  0.0000  0.0000  0.0000  0.0000  0.0000  0.0000  0.0000  0.0000  0.0000  0.0000  0.0000 
 0.3500  0.1750  0.2070  0.3190  0.3810  0.3990  0.4470  0.5180  0.5610  0.5950  0.6660  0.7930  0.9160  0.9690  1.0000  0.8550  0.8170  0.7750  0.0000  0.0000  0.0000  0.0000  0.0000  0.0000  0.0000  0.0000  0.0000  0.0000  0.0000  0.0000  0.0000  0.0000  0.0000 
 0.3080  0.1660  0.1200  0.1610  0.1570  0.1210  0.1620  0.2300  0.2680  0.2930  0.3600  0.4880  0.6510  0.7580  0.8550  1.0000  0.9840  0.9650  0.0000  0.0000  0.0000  0.0000  0.0000  0.0000  0.0000  0.0000  0.0000  0.0000  0.0000  0.0000  0.0000  0.0000  0.0000 
 0.2820  0.1500  0.1100  0.1510  0.1440  0.1100  0.1490  0.2120  0.2460  0.2700  0.3300  0.4470  0.6010  0.7130  0.8170  0.9840  1.0000  0.9860  0.0000  0.0000  0.0000  0.0000  0.0000  0.0000  0.0000  0.0000  0.0000  0.0000  0.0000  0.0000  0.0000  0.0000  0.0000 
 0.2590  0.1370  0.1000  0.1380  0.1310  0.1030  0.1380  0.1940  0.2240  0.2470  0.3020  0.4130  0.5550  0.6670  0.7750  0.9650  0.9860  1.0000  0.0380  0.0330  0.0260  0.0270  0.0270  0.0220  0.0080  0.0170 -0.0090  0.0080  0.0010  0.0020  0.0010  0.0050  0.0000 
 0.0000  0.0000  0.0000  0.0000  0.0000  0.0000  0.0000  0.0000  0.0000  0.0000  0.0000  0.0000  0.0000  0.0000  0.0000  0.0000  0.0000  0.0380  1.0000  0.6860  0.5010  0.5230  0.5180  0.4450  0.2000  0.3720 -0.1930  0.2010  0.0790  0.0920  0.0870  0.1610  0.0470 
 0.0000  0.0000  0.0000  0.0000  0.0000  0.0000  0.0000  0.0000  0.0000  0.0000  0.0000  0.0000  0.0000  0.0000  0.0000  0.0000  0.0000  0.0330  0.6860  1.0000  0.5090  0.4940  0.4950  0.4210  0.1860  0.3490 -0.1840  0.1890  0.0800  0.0970  0.0890  0.1590  0.0550 
 0.0000  0.0000  0.0000  0.0000  0.0000  0.0000  0.0000  0.0000  0.0000  0.0000  0.0000  0.0000  0.0000  0.0000  0.0000  0.0000  0.0000  0.0260  0.5010  0.5090  1.0000  0.3520  0.3580  0.3050  0.1400  0.2510 -0.1640  0.1150  0.0170  0.0300  0.0340  0.0910  0.0180 
 0.0000  0.0000  0.0000  0.0000  0.0000  0.0000  0.0000  0.0000  0.0000  0.0000  0.0000  0.0000  0.0000  0.0000  0.0000  0.0000  0.0000  0.0270  0.5230  0.4940  0.3520  1.0000  0.4620  0.3770  0.1710  0.3190 -0.1450  0.1890  0.1070  0.1210  0.1070  0.1650  0.0720 
 0.0000  0.0000  0.0000  0.0000  0.0000  0.0000  0.0000  0.0000  0.0000  0.0000  0.0000  0.0000  0.0000  0.0000  0.0000  0.0000  0.0000  0.0270  0.5180  0.4950  0.3580  0.4620  1.0000  0.3660  0.1620  0.2800 -0.2490  0.1120  0.0480  0.0690  0.0330  0.1490  0.0750 
 0.0000  0.0000  0.0000  0.0000  0.0000  0.0000  0.0000  0.0000  0.0000  0.0000  0.0000  0.0000  0.0000  0.0000  0.0000  0.0000  0.0000  0.0220  0.4450  0.4210  0.3050  0.3770  0.3660  1.0000  0.2570  0.2430 -0.2460  0.0820  0.0040  0.0280  0.0160  0.1120  0.0380 
 0.0000  0.0000  0.0000  0.0000  0.0000  0.0000  0.0000  0.0000  0.0000  0.0000  0.0000  0.0000  0.0000  0.0000  0.0000  0.0000  0.0000  0.0080  0.2000  0.1860  0.1400  0.1710  0.1620  0.2570  1.0000  0.0200 -0.2650 -0.0680 -0.1160 -0.1010 -0.0930 -0.0110 -0.0280 
 0.0000  0.0000  0.0000  0.0000  0.0000  0.0000  0.0000  0.0000  0.0000  0.0000  0.0000  0.0000  0.0000  0.0000  0.0000  0.0000  0.0000  0.0170  0.3720  0.3490  0.2510  0.3190  0.2800  0.2430  0.0200  1.0000 -0.2650  0.1310  0.0910  0.1200  0.1150  0.1490  0.0690 
 0.0000  0.0000  0.0000  0.0000  0.0000  0.0000  0.0000  0.0000  0.0000  0.0000  0.0000  0.0000  0.0000  0.0000  0.0000  0.0000  0.0000 -0.0090 -0.1930 -0.1840 -0.1640 -0.1450 -0.2490 -0.2460 -0.2650 -0.2650  1.0000  0.5790  0.6940  0.6770  0.6460  0.3500  0.2960 
 0.0000  0.0000  0.0000  0.0000  0.0000  0.0000  0.0000  0.0000  0.0000  0.0000  0.0000  0.0000  0.0000  0.0000  0.0000  0.0000  0.0000  0.0080  0.2010  0.1890  0.1150  0.1890  0.1120  0.0820 -0.0680  0.1310  0.5790  1.0000  0.5990  0.6490  0.6250  0.4590  0.3460 
 0.0000  0.0000  0.0000  0.0000  0.0000  0.0000  0.0000  0.0000  0.0000  0.0000  0.0000  0.0000  0.0000  0.0000  0.0000  0.0000  0.0000  0.0010  0.0790  0.0800  0.0170  0.1070  0.0480  0.0040 -0.1160  0.0910  0.6940  0.5990  1.0000  0.9250  0.8530  0.6440  0.5380 
 0.0000  0.0000  0.0000  0.0000  0.0000  0.0000  0.0000  0.0000  0.0000  0.0000  0.0000  0.0000  0.0000  0.0000  0.0000  0.0000  0.0000  0.0020  0.0920  0.0970  0.0300  0.1210  0.0690  0.0280 -0.1010  0.1200  0.6770  0.6490  0.9250  1.0000  0.9280  0.7510  0.6290 
 0.0000  0.0000  0.0000  0.0000  0.0000  0.0000  0.0000  0.0000  0.0000  0.0000  0.0000  0.0000  0.0000  0.0000  0.0000  0.0000  0.0000  0.0010  0.0870  0.0890  0.0340  0.1070  0.0330  0.0160 -0.0930  0.1150  0.6460  0.6250  0.8530  0.9280  1.0000  0.8590  0.7320 
 0.0000  0.0000  0.0000  0.0000  0.0000  0.0000  0.0000  0.0000  0.0000  0.0000  0.0000  0.0000  0.0000  0.0000  0.0000  0.0000  0.0000  0.0050  0.1610  0.1590  0.0910  0.1650  0.1490  0.1120 -0.0110  0.1490  0.3500  0.4590  0.6440  0.7510  0.8590  1.0000  0.8900 
 0.0000  0.0000  0.0000  0.0000  0.0000  0.0000  0.0000  0.0000  0.0000  0.0000  0.0000  0.0000  0.0000  0.0000  0.0000  0.0000  0.0000  0.0000  0.0470  0.0550  0.0180  0.0720  0.0750  0.0380 -0.0280  0.0690  0.2960  0.3460  0.5380  0.6290  0.7320  0.8900  1.0000 
