 1.0000  0.2590  0.1900  0.1100  0.1040  0.0720  0.0720  0.0530  0.0450  0.0940  0.0450  0.0330  0.1400  0.1600  0.1590  0.1600  0.1610  0.1610  0.1610  0.1620  0.1610  0.1610  0.1610  0.1610  0.1610  0.1610  0.1610  0.1610  0.1610  0.1610  0.1600  0.1590  0.1600 
 0.2590  1.0000  0.5340  0.3920  0.3560  0.2620  0.2570  0.1950  0.1670  0.3680  0.1340  0.0490  0.1900  0.2170  0.2160  0.2180  0.2160  0.2160  0.2160  0.2170  0.2160  0.2160  0.2160  0.2160  0.2160  0.2160  0.2160  0.2160  0.2160  0.2170  0.2160  0.2180  0.2180 
 0.1900  0.5340  1.0000  0.8020  0.6750  0.2840  0.2770  0.2080  0.1810  0.3980  0.1420  0.0500  0.2010  0.2310  0.2310  0.2320  0.2330  0.2330  0.2330  0.2340  0.2320  0.2320  0.2320  0.2320  0.2320  0.2320  0.2320  0.2320  0.2320  0.2340  0.2330  0.2330  0.2330 
 0.1100  0.3920  0.8020  1.0000  0.7400  0.2970  0.2890  0.2220  0.1880  0.4170  0.1520  0.0550  0.2150  0.2440  0.2440  0.2470  0.2460  0.2450  0.2450  0.2450  0.2450  0.2450  0.2450  0.2450  0.2450  0.2450  0.2450  0.2450  0.2450  0.2440  0.2450  0.2450  0.2460 
 0.1040  0.3560  0.6750  0.7400  1.0000  0.6670  0.3210  0.2440  0.2090  0.4620  0.1690  0.0600  0.2370  0.2700  0.2700  0.2720  0.2730  0.2710  0.2710  0.2720  0.2720  0.2720  0.2720  0.2720  0.2720  0.2720  0.2720  0.2720  0.2720  0.2710  0.2710  0.2710  0.2710 
 0.0720  0.2620  0.2840  0.2970  0.6670  1.0000  0.6730  0.2450  0.2130  0.4640  0.1690  0.0590  0.2370  0.2690  0.2720  0.2730  0.2730  0.2720  0.2720  0.2730  0.2720  0.2720  0.2720  0.2720  0.2720  0.2720  0.2720  0.2720  0.2720  0.2730  0.2730  0.2730  0.2730 
 0.0720  0.2570  0.2770  0.2890  0.3210  0.6730  1.0000  0.2580  0.2040  0.4510  0.1630  0.0590  0.2300  0.2620  0.2630  0.2650  0.2660  0.2660  0.2660  0.2640  0.2640  0.2640  0.2640  0.2640  0.2640  0.2640  0.2640  0.2640  0.2640  0.2650  0.2630  0.2640  0.2640 
 0.0530  0.1950  0.2080  0.2220  0.2440  0.2450  0.2580  1.0000  0.1700  0.3450  0.1280  0.0450  0.1760  0.2000  0.2010  0.2030  0.2010  0.2010  0.2010  0.2010  0.2020  0.2020  0.2020  0.2020  0.2020  0.2020  0.2020  0.2020  0.2020  0.2000  0.2010  0.2010  0.2010 
 0.0450  0.1670  0.1810  0.1880  0.2090  0.2130  0.2040  0.1700  1.0000  0.3320  0.1160  0.0370  0.1500  0.1710  0.1700  0.1710  0.1700  0.1700  0.1700  0.1720  0.1720  0.1720  0.1720  0.1720  0.1720  0.1720  0.1720  0.1720  0.1720  0.1710  0.1700  0.1690  0.1710 
 0.0940  0.3680  0.3980  0.4170  0.4620  0.4640  0.4510  0.3450  0.3320  1.0000  0.3100  0.0770  0.2960  0.3300  0.3290  0.3260  0.3270  0.3270  0.3270  0.3270  0.3260  0.3260  0.3260  0.3260  0.3260  0.3260  0.3260  0.3260  0.3260  0.3260  0.3270  0.3260  0.3250 
 0.0450  0.1340  0.1420  0.1520  0.1690  0.1690  0.1630  0.1280  0.1160  0.3100  1.0000  0.1480  0.3250  0.3090  0.2930  0.2880  0.2810  0.2820  0.2820  0.2800  0.2810  0.2810  0.2810  0.2810  0.2810  0.2810  0.2810  0.2810  0.2810  0.2770  0.2790  0.2790  0.2800 
 0.0330  0.0490  0.0500  0.0550  0.0600  0.0590  0.0590  0.0450  0.0370  0.0770  0.1480  1.0000  0.1740  0.2340  0.2350  0.2380  0.2360  0.2360  0.2360  0.2340  0.2360  0.2360  0.2360  0.2360  0.2360  0.2360  0.2360  0.2360  0.2360  0.2340  0.2350  0.2350  0.2360 
 0.1400  0.1900  0.2010  0.2150  0.2370  0.2370  0.2300  0.1760  0.1500  0.2960  0.3250  0.1740  1.0000  0.9010  0.8850  0.8830  0.8810  0.8810  0.8810  0.8810  0.8800  0.8800  0.8800  0.8800  0.8800  0.8800  0.8800  0.8800  0.8800  0.8790  0.8800  0.8800  0.8800 
 0.1600  0.2170  0.2310  0.2440  0.2700  0.2690  0.2620  0.2000  0.1710  0.3300  0.3090  0.2340  0.9010  1.0000  0.9930  0.9930  0.9930  0.9930  0.9930  0.9950  0.9930  0.9930  0.9930  0.9930  0.9930  0.9930  0.9930  0.9930  0.9930  0.9940  0.9940  0.9930  0.9940 
 0.1590  0.2160  0.2310  0.2440  0.2700  0.2720  0.2630  0.2010  0.1700  0.3290  0.2930  0.2350  0.8850  0.9930  1.0000  0.9940  0.9940  0.9940  0.9940  0.9940  0.9940  0.9940  0.9940  0.9940  0.9940  0.9940  0.9940  0.9940  0.9940  0.9950  0.9960  0.9960  0.9950 
 0.1600  0.2180  0.2320  0.2470  0.2720  0.2730  0.2650  0.2030  0.1710  0.3260  0.2880  0.2380  0.8830  0.9930  0.9940  1.0000  0.9960  0.9940  0.9940  0.9950  0.9940  0.9940  0.9940  0.9940  0.9940  0.9940  0.9940  0.9940  0.9940  0.9940  0.9940  0.9940  0.9950 
 0.1610  0.2160  0.2330  0.2460  0.2730  0.2730  0.2660  0.2010  0.1700  0.3270  0.2810  0.2360  0.8810  0.9930  0.9940  0.9960  1.0000  0.9960  0.9960  0.9950  0.9950  0.9950  0.9950  0.9950  0.9950  0.9950  0.9950  0.9950  0.9950  0.9960  0.9940  0.9940  0.9940 
 0.1610  0.2160  0.2330  0.2450  0.2710  0.2720  0.2660  0.2010  0.1700  0.3270  0.2820  0.2360  0.8810  0.9930  0.9940  0.9940  0.9960  1.0000  0.9990  0.9940  0.9950  0.9950  0.9950  0.9950  0.9950  0.9950  0.9950  0.9950  0.9950  0.9960  0.9950  0.9950  0.9930 
 0.1610  0.2160  0.2330  0.2450  0.2710  0.2720  0.2660  0.2010  0.1700  0.3270  0.2820  0.2360  0.8810  0.9930  0.9940  0.9940  0.9960  0.9990  1.0000  0.9940  0.9950  0.9950  0.9950  0.9950  0.9950  0.9950  0.9950  0.9950  0.9950  0.9960  0.9950  0.9950  0.9930 
 0.1620  0.2170  0.2340  0.2450  0.2720  0.2730  0.2640  0.2010  0.1720  0.3270  0.2800  0.2340  0.8810  0.9950  0.9940  0.9950  0.9950  0.9940  0.9940  1.0000  0.9950  0.9950  0.9950  0.9950  0.9950  0.9950  0.9950  0.9950  0.9950  0.9960  0.9950  0.9950  0.9960 
 0.1610  0.2160  0.2320  0.2450  0.2720  0.2720  0.2640  0.2020  0.1720  0.3260  0.2810  0.2360  0.8800  0.9930  0.9940  0.9940  0.9950  0.9950  0.9950  0.9950  1.0000  0.9990  0.9990  0.9990  0.9990  0.9990  0.9990  0.9990  0.9990  0.9940  0.9940  0.9940  0.9940 
 0.1610  0.2160  0.2320  0.2450  0.2720  0.2720  0.2640  0.2020  0.1720  0.3260  0.2810  0.2360  0.8800  0.9930  0.9940  0.9940  0.9950  0.9950  0.9950  0.9950  0.9990  1.0000  0.9990  0.9990  0.9990  0.9990  0.9990  0.9990  0.9990  0.9940  0.9940  0.9940  0.9940 
 0.1610  0.2160  0.2320  0.2450  0.2720  0.2720  0.2640  0.2020  0.1720  0.3260  0.2810  0.2360  0.8800  0.9930  0.9940  0.9940  0.9950  0.9950  0.9950  0.9950  0.9990  0.9990  1.0000  0.9990  0.9990  0.9990  0.9990  0.9990  0.9990  0.9940  0.9940  0.9940  0.9940 
 0.1610  0.2160  0.2320  0.2450  0.2720  0.2720  0.2640  0.2020  0.1720  0.3260  0.2810  0.2360  0.8800  0.9930  0.9940  0.9940  0.9950  0.9950  0.9950  0.9950  0.9990  0.9990  0.9990  1.0000  0.9990  0.9990  0.9990  0.9990  0.9990  0.9940  0.9940  0.9940  0.9940 
 0.1610  0.2160  0.2320  0.2450  0.2720  0.2720  0.2640  0.2020  0.1720  0.3260  0.2810  0.2360  0.8800  0.9930  0.9940  0.9940  0.9950  0.9950  0.9950  0.9950  0.9990  0.9990  0.9990  0.9990  1.0000  0.9990  0.9990  0.9990  0.9990  0.9940  0.9940  0.9940  0.9940 
 0.1610  0.2160  0.2320  0.2450  0.2720  0.2720  0.2640  0.2020  0.1720  0.3260  0.2810  0.2360  0.8800  0.9930  0.9940  0.9940  0.9950  0.9950  0.9950  0.9950  0.9990  0.9990  0.9990  0.9990  0.9990  1.0000  0.9990  0.9990  0.9990  0.9940  0.9940  0.9940  0.9940 
 0.1610  0.2160  0.2320  0.2450  0.2720  0.2720  0.2640  0.2020  0.1720  0.3260  0.2810  0.2360  0.8800  0.9930  0.9940  0.9940  0.9950  0.9950  0.9950  0.9950  0.9990  0.9990  0.9990  0.9990  0.9990  0.9990  1.0000  0.9990  0.9990  0.9940  0.9940  0.9940  0.9940 
 0.1610  0.2160  0.2320  0.2450  0.2720  0.2720  0.2640  0.2020  0.1720  0.3260  0.2810  0.2360  0.8800  0.9930  0.9940  0.9940  0.9950  0.9950  0.9950  0.9950  0.9990  0.9990  0.9990  0.9990  0.9990  0.9990  0.9990  1.0000  0.9990  0.9940  0.9940  0.9940  0.9940 
 0.1610  0.2160  0.2320  0.2450  0.2720  0.2720  0.2640  0.2020  0.1720  0.3260  0.2810  0.2360  0.8800  0.9930  0.9940  0.9940  0.9950  0.9950  0.9950  0.9950  0.9990  0.9990  0.9990  0.9990  0.9990  0.9990  0.9990  0.9990  1.0000  0.9940  0.9940  0.9940  0.9940 
 0.1610  0.2170  0.2340  0.2440  0.2710  0.2730  0.2650  0.2000  0.1710  0.3260  0.2770  0.2340  0.8790  0.9940  0.9950  0.9940  0.9960  0.9960  0.9960  0.9960  0.9940  0.9940  0.9940  0.9940  0.9940  0.9940  0.9940  0.9940  0.9940  1.0000  0.9960  0.9960  0.9950 
 0.1600  0.2160  0.2330  0.2450  0.2710  0.2730  0.2630  0.2010  0.1700  0.3270  0.2790  0.2350  0.8800  0.9940  0.9960  0.9940  0.9940  0.9950  0.9950  0.9950  0.9940  0.9940  0.9940  0.9940  0.9940  0.9940  0.9940  0.9940  0.9940  0.9960  1.0000  0.9970  0.9950 
 0.1590  0.2180  0.2330  0.2450  0.2710  0.2730  0.2640  0.2010  0.1690  0.3260  0.2790  0.2350  0.8800  0.9930  0.9960  0.9940  0.9940  0.9950  0.9950  0.9950  0.9940  0.9940  0.9940  0.9940  0.9940  0.9940  0.9940  0.9940  0.9940  0.9960  0.9970  1.0000  0.9950 
 0.1600  0.2180  0.2330  0.2460  0.2710  0.2730  0.2640  0.2010  0.1710  0.3250  0.2800  0.2360  0.8800  0.9940  0.9950  0.9950  0.9940  0.9930  0.9930  0.9960  0.9940  0.9940  0.9940  0.9940  0.9940  0.9940  0.9940  0.9940  0.9940  0.9950  0.9950  0.9950  1.0000 
