 1.0000  0.1840  0.1690  0.1480  0.1460  0.1550  0.1300  0.1050  0.1230  0.0950  0.1080  0.1190  0.0860  0.0790  0.0410  0.0510  0.0440  0.0310  0.0000  0.0000  0.0000  0.0000  0.0000  0.0000  0.0000  0.0000  0.0000  0.0000  0.0000  0.0000  0.0000  0.0000  0.0000 
 0.1840  1.0000  0.2340  0.1750  0.1790  0.1910  0.1680  0.1300  0.1560  0.1140  0.1290  0.1380  0.1030  0.0890  0.0460  0.0570  0.0480  0.0310  0.0000  0.0000  0.0000  0.0000  0.0000  0.0000  0.0000  0.0000  0.0000  0.0000  0.0000  0.0000  0.0000  0.0000  0.0000 
 0.1690  0.2340  1.0000  0.2710  0.1890  0.1960  0.1800  0.1420  0.1680  0.1180  0.1340  0.1440  0.1070  0.0920  0.0490  0.0610  0.0520  0.0370  0.0000  0.0000  0.0000  0.0000  0.0000  0.0000  0.0000  0.0000  0.0000  0.0000  0.0000  0.0000  0.0000  0.0000  0.0000 
 0.1480  0.1750  0.2710  1.0000  0.2700  0.1820  0.1650  0.1320  0.1610  0.1130  0.1320  0.1410  0.1020  0.0880  0.0480  0.0550  0.0520  0.0350  0.0000  0.0000  0.0000  0.0000  0.0000  0.0000  0.0000  0.0000  0.0000  0.0000  0.0000  0.0000  0.0000  0.0000  0.0000 
 0.1460  0.1790  0.1890  0.2700  1.0000  0.3460  0.1530  0.1420  0.1650  0.1230  0.1370  0.1440  0.1080  0.0920  0.0500  0.0590  0.0510  0.0330  0.0000  0.0000  0.0000  0.0000  0.0000  0.0000  0.0000  0.0000  0.0000  0.0000  0.0000  0.0000  0.0000  0.0000  0.0000 
 0.1550  0.1910  0.1960  0.1820  0.3460  1.0000  0.2220  0.1630  0.1900  0.1430  0.1610  0.1710  0.1260  0.1070  0.0590  0.0680  0.0590  0.0430  0.0000  0.0000  0.0000  0.0000  0.0000  0.0000  0.0000  0.0000  0.0000  0.0000  0.0000  0.0000  0.0000  0.0000  0.0000 
 0.1300  0.1680  0.1800  0.1650  0.1530  0.2220  1.0000  0.1810  0.1850  0.1450  0.1570  0.1670  0.1270  0.1100  0.0590  0.0700  0.0580  0.0440  0.0000  0.0000  0.0000  0.0000  0.0000  0.0000  0.0000  0.0000  0.0000  0.0000  0.0000  0.0000  0.0000  0.0000  0.0000 
 0.1050  0.1300  0.1420  0.1320  0.1420  0.1630  0.1810  1.0000  0.1970  0.1190  0.1390  0.1470  0.1100  0.0970  0.0520  0.0640  0.0550  0.0370  0.0000  0.0000  0.0000  0.0000  0.0000  0.0000  0.0000  0.0000  0.0000  0.0000  0.0000  0.0000  0.0000  0.0000  0.0000 
 0.1230  0.1560  0.1680  0.1610  0.1650  0.1900  0.1850  0.1970  1.0000  0.2520  0.1610  0.1680  0.1250  0.1110  0.0630  0.0760  0.0660  0.0440  0.0000  0.0000  0.0000  0.0000  0.0000  0.0000  0.0000  0.0000  0.0000  0.0000  0.0000  0.0000  0.0000  0.0000  0.0000 
 0.0950  0.1140  0.1180  0.1130  0.1230  0.1430  0.1450  0.1190  0.2520  1.0000  0.5010  0.1610  0.1130  0.0980  0.0540  0.0630  0.0540  0.0420  0.0000  0.0000  0.0000  0.0000  0.0000  0.0000  0.0000  0.0000  0.0000  0.0000  0.0000  0.0000  0.0000  0.0000  0.0000 
 0.1080  0.1290  0.1340  0.1320  0.1370  0.1610  0.1570  0.1390  0.1610  0.5010  1.0000  0.8120  0.1750  0.1530  0.0870  0.1020  0.0940  0.0730  0.0000  0.0000  0.0000  0.0000  0.0000  0.0000  0.0000  0.0000  0.0000  0.0000  0.0000  0.0000  0.0000  0.0000  0.0000 
 0.1190  0.1380  0.1440  0.1410  0.1440  0.1710  0.1670  0.1470  0.1680  0.1610  0.8120  1.0000  0.5550  0.3690  0.1120  0.1370  0.1230  0.0930  0.0000  0.0000  0.0000  0.0000  0.0000  0.0000  0.0000  0.0000  0.0000  0.0000  0.0000  0.0000  0.0000  0.0000  0.0000 
 0.0860  0.1030  0.1070  0.1020  0.1080  0.1260  0.1270  0.1100  0.1250  0.1130  0.1750  0.5550  1.0000  0.5820  0.1080  0.1240  0.1080  0.0770  0.0000  0.0000  0.0000  0.0000  0.0000  0.0000  0.0000  0.0000  0.0000  0.0000  0.0000  0.0000  0.0000  0.0000  0.0000 
 0.0790  0.0890  0.0920  0.0880  0.0920  0.1070  0.1100  0.0970  0.1110  0.0980  0.1530  0.3690  0.5820  1.0000  0.8480  0.1790  0.1530  0.1040  0.0000  0.0000  0.0000  0.0000  0.0000  0.0000  0.0000  0.0000  0.0000  0.0000  0.0000  0.0000  0.0000  0.0000  0.0000 
 0.0410  0.0460  0.0490  0.0480  0.0500  0.0590  0.0590  0.0520  0.0630  0.0540  0.0870  0.1120  0.1080  0.8480  1.0000  0.2100  0.1390  0.0910  0.0000  0.0000  0.0000  0.0000  0.0000  0.0000  0.0000  0.0000  0.0000  0.0000  0.0000  0.0000  0.0000  0.0000  0.0000 
 0.0510  0.0570  0.0610  0.0550  0.0590  0.0680  0.0700  0.0640  0.0760  0.0630  0.1020  0.1370  0.1240  0.1790  0.2100  1.0000  0.4130  0.1340  0.0000  0.0000  0.0000  0.0000  0.0000  0.0000  0.0000  0.0000  0.0000  0.0000  0.0000  0.0000  0.0000  0.0000  0.0000 
 0.0440  0.0480  0.0520  0.0520  0.0510  0.0590  0.0580  0.0550  0.0660  0.0540  0.0940  0.1230  0.1080  0.1530  0.1390  0.4130  1.0000  0.4090  0.0000  0.0000  0.0000  0.0000  0.0000  0.0000  0.0000  0.0000  0.0000  0.0000  0.0000  0.0000  0.0000  0.0000  0.0000 
 0.0310  0.0310  0.0370  0.0350  0.0330  0.0430  0.0440  0.0370  0.0440  0.0420  0.0730  0.0930  0.0770  0.1040  0.0910  0.1340  0.4090  1.0000  0.5140  0.4730  0.4340  0.4060  0.4320  0.3600  0.2820  0.3320  0.1930  0.1570  0.2070  0.1820  0.1550  0.1880  0.1610 
 0.0000  0.0000  0.0000  0.0000  0.0000  0.0000  0.0000  0.0000  0.0000  0.0000  0.0000  0.0000  0.0000  0.0000  0.0000  0.0000  0.0000  0.5140  1.0000  0.8510  0.7640  0.7120  0.7610  0.6330  0.4950  0.5870  0.3420  0.2840  0.3600  0.3190  0.2760  0.3330  0.2860 
 0.0000  0.0000  0.0000  0.0000  0.0000  0.0000  0.0000  0.0000  0.0000  0.0000  0.0000  0.0000  0.0000  0.0000  0.0000  0.0000  0.0000  0.4730  0.8510  1.0000  0.7920  0.7160  0.7610  0.6340  0.5030  0.5960  0.3650  0.3010  0.3810  0.3410  0.2990  0.3390  0.3030 
 0.0000  0.0000  0.0000  0.0000  0.0000  0.0000  0.0000  0.0000  0.0000  0.0000  0.0000  0.0000  0.0000  0.0000  0.0000  0.0000  0.0000  0.4340  0.7640  0.7920  1.0000  0.6600  0.7030  0.5810  0.4680  0.5420  0.3090  0.2510  0.3290  0.2910  0.2470  0.3050  0.2580 
 0.0000  0.0000  0.0000  0.0000  0.0000  0.0000  0.0000  0.0000  0.0000  0.0000  0.0000  0.0000  0.0000  0.0000  0.0000  0.0000  0.0000  0.4060  0.7120  0.7160  0.6600  1.0000  0.6630  0.5540  0.4450  0.5330  0.3480  0.2910  0.3580  0.3330  0.2950  0.3070  0.2740 
 0.0000  0.0000  0.0000  0.0000  0.0000  0.0000  0.0000  0.0000  0.0000  0.0000  0.0000  0.0000  0.0000  0.0000  0.0000  0.0000  0.0000  0.4320  0.7610  0.7610  0.7030  0.6630  1.0000  0.6060  0.4750  0.5570  0.3290  0.2650  0.3550  0.3110  0.2730  0.3120  0.2710 
 0.0000  0.0000  0.0000  0.0000  0.0000  0.0000  0.0000  0.0000  0.0000  0.0000  0.0000  0.0000  0.0000  0.0000  0.0000  0.0000  0.0000  0.3600  0.6330  0.6340  0.5810  0.5540  0.6060  1.0000  0.4140  0.4660  0.2980  0.2360  0.3070  0.2760  0.2420  0.2620  0.2340 
 0.0000  0.0000  0.0000  0.0000  0.0000  0.0000  0.0000  0.0000  0.0000  0.0000  0.0000  0.0000  0.0000  0.0000  0.0000  0.0000  0.0000  0.2820  0.4950  0.5030  0.4680  0.4450  0.4750  0.4140  1.0000  0.4470  0.2820  0.1690  0.2750  0.2420  0.2130  0.2030  0.1720 
 0.0000  0.0000  0.0000  0.0000  0.0000  0.0000  0.0000  0.0000  0.0000  0.0000  0.0000  0.0000  0.0000  0.0000  0.0000  0.0000  0.0000  0.3320  0.5870  0.5960  0.5420  0.5330  0.5570  0.4660  0.4470  1.0000  0.5500  0.4180  0.4580  0.4220  0.4220  0.3040  0.3220 
 0.0000  0.0000  0.0000  0.0000  0.0000  0.0000  0.0000  0.0000  0.0000  0.0000  0.0000  0.0000  0.0000  0.0000  0.0000  0.0000  0.0000  0.1930  0.3420  0.3650  0.3090  0.3480  0.3290  0.2980  0.2820  0.5500  1.0000  0.6870  0.7520  0.7340  0.7640  0.3140  0.4300 
 0.0000  0.0000  0.0000  0.0000  0.0000  0.0000  0.0000  0.0000  0.0000  0.0000  0.0000  0.0000  0.0000  0.0000  0.0000  0.0000  0.0000  0.1570  0.2840  0.3010  0.2510  0.2910  0.2650  0.2360  0.1690  0.4180  0.6870  1.0000  0.3880  0.4530  0.5210  0.3150  0.5260 
 0.0000  0.0000  0.0000  0.0000  0.0000  0.0000  0.0000  0.0000  0.0000  0.0000  0.0000  0.0000  0.0000  0.0000  0.0000  0.0000  0.0000  0.2070  0.3600  0.3810  0.3290  0.3580  0.3550  0.3070  0.2750  0.4580  0.7520  0.3880  1.0000  0.8970  0.8150  0.2660  0.3000 
 0.0000  0.0000  0.0000  0.0000  0.0000  0.0000  0.0000  0.0000  0.0000  0.0000  0.0000  0.0000  0.0000  0.0000  0.0000  0.0000  0.0000  0.1820  0.3190  0.3410  0.2910  0.3330  0.3110  0.2760  0.2420  0.4220  0.7340  0.4530  0.8970  1.0000  0.8980  0.2750  0.2710 
 0.0000  0.0000  0.0000  0.0000  0.0000  0.0000  0.0000  0.0000  0.0000  0.0000  0.0000  0.0000  0.0000  0.0000  0.0000  0.0000  0.0000  0.1550  0.2760  0.2990  0.2470  0.2950  0.2730  0.2420  0.2130  0.4220  0.7640  0.5210  0.8150  0.8980  1.0000  0.2890  0.3080 
 0.0000  0.0000  0.0000  0.0000  0.0000  0.0000  0.0000  0.0000  0.0000  0.0000  0.0000  0.0000  0.0000  0.0000  0.0000  0.0000  0.0000  0.1880  0.3330  0.3390  0.3050  0.3070  0.3120  0.2620  0.2030  0.3040  0.3140  0.3150  0.2660  0.2750  0.2890  1.0000  0.4120 
 0.0000  0.0000  0.0000  0.0000  0.0000  0.0000  0.0000  0.0000  0.0000  0.0000  0.0000  0.0000  0.0000  0.0000  0.0000  0.0000  0.0000  0.1610  0.2860  0.3030  0.2580  0.2740  0.2710  0.2340  0.1720  0.3220  0.4300  0.5260  0.3000  0.2710  0.3080  0.4120  1.0000 
