 1.0000  0.9640  0.8820  0.5530  0.4300  0.3920  0.3200  0.2780  0.1970  0.1110  0.0040 -0.0290 -0.1100 -0.0810 -0.0880 -0.0650 -0.0650 -0.0650  0.0000  0.0000  0.0000  0.0000  0.0000  0.0000  0.0000  0.0000  0.0000  0.0000  0.0000  0.0000  0.0000  0.0000  0.0000 
 0.9640  1.0000  0.9570  0.7100  0.5990  0.5550  0.4290  0.3250  0.2280  0.1320 -0.0440 -0.0880 -0.1210 -0.0430 -0.0460 -0.0320 -0.0320 -0.0350  0.0000  0.0000  0.0000  0.0000  0.0000  0.0000  0.0000  0.0000  0.0000  0.0000  0.0000  0.0000  0.0000  0.0000  0.0000 
 0.8820  0.9570  1.0000  0.8540  0.7710  0.7210  0.5520  0.3540  0.2260  0.1320 -0.1260 -0.1600 -0.1110  0.0000  0.0010  0.0180  0.0180  0.0210  0.0000  0.0000  0.0000  0.0000  0.0000  0.0000  0.0000  0.0000  0.0000  0.0000  0.0000  0.0000  0.0000  0.0000  0.0000 
 0.5530  0.7100  0.8540  1.0000  0.9720  0.9130  0.7130  0.3980  0.2410  0.1500 -0.2320 -0.2600 -0.0840  0.0660  0.0870  0.1080  0.1080  0.1080  0.0000  0.0000  0.0000  0.0000  0.0000  0.0000  0.0000  0.0000  0.0000  0.0000  0.0000  0.0000  0.0000  0.0000  0.0000 
 0.4300  0.5990  0.7710  0.9720  1.0000  0.9400  0.7770  0.4540  0.2890  0.2200 -0.2180 -0.2510 -0.0170  0.1390  0.1490  0.1220  0.1220  0.1200  0.0000  0.0000  0.0000  0.0000  0.0000  0.0000  0.0000  0.0000  0.0000  0.0000  0.0000  0.0000  0.0000  0.0000  0.0000 
 0.3920  0.5550  0.7210  0.9130  0.9400  1.0000  0.8860  0.5150  0.2910  0.2260 -0.0700 -0.0790  0.1310  0.2050  0.1990  0.1090  0.1090  0.1070  0.0000  0.0000  0.0000  0.0000  0.0000  0.0000  0.0000  0.0000  0.0000  0.0000  0.0000  0.0000  0.0000  0.0000  0.0000 
 0.3200  0.4290  0.5520  0.7130  0.7770  0.8860  1.0000  0.7100  0.4340  0.3620  0.0640  0.0380  0.2420  0.3170  0.3070  0.1740  0.1740  0.1740  0.0000  0.0000  0.0000  0.0000  0.0000  0.0000  0.0000  0.0000  0.0000  0.0000  0.0000  0.0000  0.0000  0.0000  0.0000 
 0.2780  0.3250  0.3540  0.3980  0.4540  0.5150  0.7100  1.0000  0.9050  0.7680  0.3230  0.1820  0.1740  0.4060  0.3310  0.0260  0.0260  0.0230  0.0000  0.0000  0.0000  0.0000  0.0000  0.0000  0.0000  0.0000  0.0000  0.0000  0.0000  0.0000  0.0000  0.0000  0.0000 
 0.1970  0.2280  0.2260  0.2410  0.2890  0.2910  0.4340  0.9050  1.0000  0.9170  0.4410  0.2740  0.2240  0.4670  0.3370 -0.0940 -0.0940 -0.0930  0.0000  0.0000  0.0000  0.0000  0.0000  0.0000  0.0000  0.0000  0.0000  0.0000  0.0000  0.0000  0.0000  0.0000  0.0000 
 0.1110  0.1320  0.1320  0.1500  0.2200  0.2260  0.3620  0.7680  0.9170  1.0000  0.5920  0.4610  0.5090  0.6500  0.4850 -0.0930 -0.0930 -0.0950  0.0000  0.0000  0.0000  0.0000  0.0000  0.0000  0.0000  0.0000  0.0000  0.0000  0.0000  0.0000  0.0000  0.0000  0.0000 
 0.0040 -0.0440 -0.1260 -0.2320 -0.2180 -0.0700  0.0640  0.3230  0.4410  0.5920  1.0000  0.9720  0.8010  0.6380  0.5040  0.0000  0.0000  0.0020  0.0000  0.0000  0.0000  0.0000  0.0000  0.0000  0.0000  0.0000  0.0000  0.0000  0.0000  0.0000  0.0000  0.0000  0.0000 
-0.0290 -0.0880 -0.1600 -0.2600 -0.2510 -0.0790  0.0380  0.1820  0.2740  0.4610  0.9720  1.0000  0.8510  0.6140  0.4920  0.0220  0.0220  0.0210  0.0000  0.0000  0.0000  0.0000  0.0000  0.0000  0.0000  0.0000  0.0000  0.0000  0.0000  0.0000  0.0000  0.0000  0.0000 
-0.1100 -0.1210 -0.1110 -0.0840 -0.0170  0.1310  0.2420  0.1740  0.2240  0.5090  0.8010  0.8510  1.0000  0.7870  0.6740  0.1570  0.1570  0.1580  0.0000  0.0000  0.0000  0.0000  0.0000  0.0000  0.0000  0.0000  0.0000  0.0000  0.0000  0.0000  0.0000  0.0000  0.0000 
-0.0810 -0.0430  0.0000  0.0660  0.1390  0.2050  0.3170  0.4060  0.4670  0.6500  0.6380  0.6140  0.7870  1.0000  0.9550  0.5380  0.5380  0.5380  0.0000  0.0000  0.0000  0.0000  0.0000  0.0000  0.0000  0.0000  0.0000  0.0000  0.0000  0.0000  0.0000  0.0000  0.0000 
-0.0880 -0.0460  0.0010  0.0870  0.1490  0.1990  0.3070  0.3310  0.3370  0.4850  0.5040  0.4920  0.6740  0.9550  1.0000  0.7420  0.7420  0.7400  0.0000  0.0000  0.0000  0.0000  0.0000  0.0000  0.0000  0.0000  0.0000  0.0000  0.0000  0.0000  0.0000  0.0000  0.0000 
-0.0650 -0.0320  0.0180  0.1080  0.1220  0.1090  0.1740  0.0260 -0.0940 -0.0930  0.0000  0.0220  0.1570  0.5380  0.7420  1.0000  0.9990  0.9910  0.0000  0.0000  0.0000  0.0000  0.0000  0.0000  0.0000  0.0000  0.0000  0.0000  0.0000  0.0000  0.0000  0.0000  0.0000 
-0.0650 -0.0320  0.0180  0.1080  0.1220  0.1090  0.1740  0.0260 -0.0940 -0.0930  0.0000  0.0220  0.1570  0.5380  0.7420  0.9990  1.0000  0.9910  0.0000  0.0000  0.0000  0.0000  0.0000  0.0000  0.0000  0.0000  0.0000  0.0000  0.0000  0.0000  0.0000  0.0000  0.0000 
-0.0650 -0.0350  0.0210  0.1080  0.1200  0.1070  0.1740  0.0230 -0.0930 -0.0950  0.0020  0.0210  0.1580  0.5380  0.7400  0.9910  0.9910  1.0000  0.0270  0.0260  0.0230  0.0170  0.0190  0.0150  0.0060  0.0080  0.0080  0.0070  0.0060  0.0040  0.0050  0.0050  0.0050 
 0.0000  0.0000  0.0000  0.0000  0.0000  0.0000  0.0000  0.0000  0.0000  0.0000  0.0000  0.0000  0.0000  0.0000  0.0000  0.0000  0.0000  0.0270  1.0000  0.6980  0.6050  0.5320  0.5150  0.4190  0.1910  0.2880  0.2890  0.2350  0.2590  0.2360  0.1830  0.1900  0.1740 
 0.0000  0.0000  0.0000  0.0000  0.0000  0.0000  0.0000  0.0000  0.0000  0.0000  0.0000  0.0000  0.0000  0.0000  0.0000  0.0000  0.0000  0.0260  0.6980  1.0000  0.6570  0.5350  0.5200  0.4210  0.1940  0.2880  0.2910  0.2400  0.2620  0.2400  0.1830  0.1930  0.1750 
 0.0000  0.0000  0.0000  0.0000  0.0000  0.0000  0.0000  0.0000  0.0000  0.0000  0.0000  0.0000  0.0000  0.0000  0.0000  0.0000  0.0000  0.0230  0.6050  0.6570  1.0000  0.4790  0.4690  0.3810  0.1740  0.2600  0.2670  0.2190  0.2360  0.2200  0.1670  0.1750  0.1590 
 0.0000  0.0000  0.0000  0.0000  0.0000  0.0000  0.0000  0.0000  0.0000  0.0000  0.0000  0.0000  0.0000  0.0000  0.0000  0.0000  0.0000  0.0170  0.5320  0.5350  0.4790  1.0000  0.4370  0.3700  0.1580  0.2430  0.2580  0.2010  0.2170  0.2040  0.1510  0.1590  0.1420 
 0.0000  0.0000  0.0000  0.0000  0.0000  0.0000  0.0000  0.0000  0.0000  0.0000  0.0000  0.0000  0.0000  0.0000  0.0000  0.0000  0.0000  0.0190  0.5150  0.5200  0.4690  0.4370  1.0000  0.3720  0.1540  0.2370  0.2460  0.2010  0.2190  0.2030  0.1560  0.1580  0.1420 
 0.0000  0.0000  0.0000  0.0000  0.0000  0.0000  0.0000  0.0000  0.0000  0.0000  0.0000  0.0000  0.0000  0.0000  0.0000  0.0000  0.0000  0.0150  0.4190  0.4210  0.3810  0.3700  0.3720  1.0000  0.1440  0.2000  0.2150  0.1660  0.1780  0.1760  0.1320  0.1290  0.1160 
 0.0000  0.0000  0.0000  0.0000  0.0000  0.0000  0.0000  0.0000  0.0000  0.0000  0.0000  0.0000  0.0000  0.0000  0.0000  0.0000  0.0000  0.0060  0.1910  0.1940  0.1740  0.1580  0.1540  0.1440  1.0000  0.1670  0.1680  0.0970  0.1010  0.1670  0.1510  0.0600  0.0540 
 0.0000  0.0000  0.0000  0.0000  0.0000  0.0000  0.0000  0.0000  0.0000  0.0000  0.0000  0.0000  0.0000  0.0000  0.0000  0.0000  0.0000  0.0080  0.2880  0.2880  0.2600  0.2430  0.2370  0.2000  0.1670  1.0000  0.2910  0.1300  0.1370  0.1840  0.1570  0.0900  0.0760 
 0.0000  0.0000  0.0000  0.0000  0.0000  0.0000  0.0000  0.0000  0.0000  0.0000  0.0000  0.0000  0.0000  0.0000  0.0000  0.0000  0.0000  0.0080  0.2890  0.2910  0.2670  0.2580  0.2460  0.2150  0.1680  0.2910  1.0000  0.2060  0.1350  0.1610  0.1270  0.0850  0.0770 
 0.0000  0.0000  0.0000  0.0000  0.0000  0.0000  0.0000  0.0000  0.0000  0.0000  0.0000  0.0000  0.0000  0.0000  0.0000  0.0000  0.0000  0.0070  0.2350  0.2400  0.2190  0.2010  0.2010  0.1660  0.0970  0.1300  0.2060  1.0000  0.2170  0.1760  0.1320  0.0750  0.0640 
 0.0000  0.0000  0.0000  0.0000  0.0000  0.0000  0.0000  0.0000  0.0000  0.0000  0.0000  0.0000  0.0000  0.0000  0.0000  0.0000  0.0000  0.0060  0.2590  0.2620  0.2360  0.2170  0.2190  0.1780  0.1010  0.1370  0.1350  0.2170  1.0000  0.4490  0.1860  0.0750  0.0690 
 0.0000  0.0000  0.0000  0.0000  0.0000  0.0000  0.0000  0.0000  0.0000  0.0000  0.0000  0.0000  0.0000  0.0000  0.0000  0.0000  0.0000  0.0040  0.2360  0.2400  0.2200  0.2040  0.2030  0.1760  0.1670  0.1840  0.1610  0.1760  0.4490  1.0000  0.5090  0.0830  0.1150 
 0.0000  0.0000  0.0000  0.0000  0.0000  0.0000  0.0000  0.0000  0.0000  0.0000  0.0000  0.0000  0.0000  0.0000  0.0000  0.0000  0.0000  0.0050  0.1830  0.1830  0.1670  0.1510  0.1560  0.1320  0.1510  0.1570  0.1270  0.1320  0.1860  0.5090  1.0000  0.3300  0.4080 
 0.0000  0.0000  0.0000  0.0000  0.0000  0.0000  0.0000  0.0000  0.0000  0.0000  0.0000  0.0000  0.0000  0.0000  0.0000  0.0000  0.0000  0.0050  0.1900  0.1930  0.1750  0.1590  0.1580  0.1290  0.0600  0.0900  0.0850  0.0750  0.0750  0.0830  0.3300  1.0000  0.5360 
 0.0000  0.0000  0.0000  0.0000  0.0000  0.0000  0.0000  0.0000  0.0000  0.0000  0.0000  0.0000  0.0000  0.0000  0.0000  0.0000  0.0000  0.0050  0.1740  0.1750  0.1590  0.1420  0.1420  0.1160  0.0540  0.0760  0.0770  0.0640  0.0690  0.1150  0.4080  0.5360  1.0000 
