 1.0000  0.9500  0.6580  0.2920 -0.5010 -0.5330 -0.5590 -0.3990 -0.2690 -0.2150 -0.1930 -0.1800 -0.1720 -0.1690 -0.1670 -0.1660 -0.1650 -0.1650 -0.1650 -0.1650 -0.1640 -0.1640 -0.1640 -0.1640 -0.1640 -0.1640 -0.1640 -0.1640 -0.1650  0.0000  0.0000  0.0000  0.0000 
 0.9500  1.0000  0.7160  0.4600 -0.3910 -0.5430 -0.6600 -0.6040 -0.4780 -0.4170 -0.3930 -0.3780 -0.3710 -0.3660 -0.3630 -0.3620 -0.3610 -0.3600 -0.3590 -0.3600 -0.3600 -0.3600 -0.3600 -0.3590 -0.3600 -0.3590 -0.3590 -0.3590 -0.3590  0.0000  0.0000  0.0000  0.0000 
 0.6580  0.7160  1.0000  0.7880 -0.7010 -0.9640 -0.9650 -0.5190 -0.2260 -0.1030 -0.0530 -0.0240 -0.0090  0.0020  0.0070  0.0100  0.0120  0.0130  0.0150  0.0150  0.0150  0.0150  0.0150  0.0160  0.0150  0.0150  0.0150  0.0160  0.0160  0.0000  0.0000  0.0000  0.0000 
 0.2920  0.4600  0.7880  1.0000 -0.1610 -0.6970 -0.9200 -0.8290 -0.6240 -0.5230 -0.4780 -0.4510 -0.4360 -0.4260 -0.4210 -0.4180 -0.4160 -0.4150 -0.4130 -0.4140 -0.4140 -0.4140 -0.4130 -0.4130 -0.4130 -0.4130 -0.4130 -0.4130 -0.4130  0.0000  0.0000  0.0000  0.0000 
-0.5010 -0.3910 -0.7010 -0.1610  1.0000  0.8190  0.5060 -0.2370 -0.5130 -0.6070 -0.6410 -0.6600 -0.6690 -0.6760 -0.6790 -0.6810 -0.6820 -0.6820 -0.6840 -0.6840 -0.6830 -0.6830 -0.6830 -0.6840 -0.6840 -0.6840 -0.6840 -0.6840 -0.6840  0.0000  0.0000  0.0000  0.0000 
-0.5330 -0.5430 -0.9640 -0.6970  0.8190  1.0000  0.9000  0.3040 -0.0160 -0.1430 -0.1940 -0.2230 -0.2390 -0.2500 -0.2550 -0.2580 -0.2590 -0.2610 -0.2630 -0.2620 -0.2620 -0.2620 -0.2620 -0.2630 -0.2630 -0.2630 -0.2630 -0.2630 -0.2630  0.0000  0.0000  0.0000  0.0000 
-0.5590 -0.6600 -0.9650 -0.9200  0.5060  0.9000  1.0000  0.6870  0.4170  0.2980  0.2470  0.2180  0.2010  0.1910  0.1850  0.1820  0.1800  0.1790  0.1770  0.1780  0.1780  0.1770  0.1770  0.1770  0.1770  0.1770  0.1770  0.1760  0.1760  0.0000  0.0000  0.0000  0.0000 
-0.3990 -0.6040 -0.5190 -0.8290 -0.2370  0.3040  0.6870  1.0000  0.9470  0.8980  0.8740  0.8580  0.8490  0.8440  0.8400  0.8390  0.8380  0.8370  0.8360  0.8360  0.8360  0.8360  0.8360  0.8360  0.8360  0.8360  0.8360  0.8360  0.8360  0.0000  0.0000  0.0000  0.0000 
-0.2690 -0.4780 -0.2260 -0.6240 -0.5130 -0.0160  0.4170  0.9470  1.0000  0.9920  0.9840  0.9780  0.9740  0.9710  0.9700  0.9690  0.9690  0.9680  0.9680  0.9680  0.9680  0.9680  0.9680  0.9680  0.9680  0.9680  0.9680  0.9680  0.9680  0.0000  0.0000  0.0000  0.0000 
-0.2150 -0.4170 -0.1030 -0.5230 -0.6070 -0.1430  0.2980  0.8980  0.9920  1.0000  0.9990  0.9970  0.9950  0.9940  0.9930  0.9930  0.9920  0.9920  0.9920  0.9920  0.9920  0.9920  0.9920  0.9920  0.9920  0.9920  0.9920  0.9920  0.9920  0.0000  0.0000  0.0000  0.0000 
-0.1930 -0.3930 -0.0530 -0.4780 -0.6410 -0.1940  0.2470  0.8740  0.9840  0.9990  1.0000  1.0000  0.9990  0.9980  0.9980  0.9980  0.9980  0.9970  0.9970  0.9970  0.9970  0.9970  0.9970  0.9970  0.9970  0.9970  0.9970  0.9970  0.9970  0.0000  0.0000  0.0000  0.0000 
-0.1800 -0.3780 -0.0240 -0.4510 -0.6600 -0.2230  0.2180  0.8580  0.9780  0.9970  1.0000  1.0000  1.0000  1.0000  0.9990  0.9990  0.9990  0.9990  0.9990  0.9990  0.9990  0.9990  0.9990  0.9990  0.9990  0.9990  0.9990  0.9990  0.9990  0.0000  0.0000  0.0000  0.0000 
-0.1720 -0.3710 -0.0090 -0.4360 -0.6690 -0.2390  0.2010  0.8490  0.9740  0.9950  0.9990  1.0000  1.0000  1.0000  1.0000  1.0000  1.0000  1.0000  1.0000  1.0000  1.0000  1.0000  1.0000  1.0000  1.0000  1.0000  1.0000  1.0000  1.0000  0.0000  0.0000  0.0000  0.0000 
-0.1690 -0.3660  0.0020 -0.4260 -0.6760 -0.2500  0.1910  0.8440  0.9710  0.9940  0.9980  1.0000  1.0000  1.0000  1.0000  1.0000  1.0000  1.0000  1.0000  1.0000  1.0000  1.0000  1.0000  1.0000  1.0000  1.0000  1.0000  1.0000  1.0000  0.0000  0.0000  0.0000  0.0000 
-0.1670 -0.3630  0.0070 -0.4210 -0.6790 -0.2550  0.1850  0.8400  0.9700  0.9930  0.9980  0.9990  1.0000  1.0000  1.0000  1.0000  1.0000  1.0000  1.0000  1.0000  1.0000  1.0000  1.0000  1.0000  1.0000  1.0000  1.0000  1.0000  1.0000  0.0000  0.0000  0.0000  0.0000 
-0.1660 -0.3620  0.0100 -0.4180 -0.6810 -0.2580  0.1820  0.8390  0.9690  0.9930  0.9980  0.9990  1.0000  1.0000  1.0000  1.0000  1.0000  1.0000  1.0000  1.0000  1.0000  1.0000  1.0000  1.0000  1.0000  1.0000  1.0000  1.0000  1.0000  0.0000  0.0000  0.0000  0.0000 
-0.1650 -0.3610  0.0120 -0.4160 -0.6820 -0.2590  0.1800  0.8380  0.9690  0.9920  0.9980  0.9990  1.0000  1.0000  1.0000  1.0000  1.0000  1.0000  1.0000  1.0000  1.0000  1.0000  1.0000  1.0000  1.0000  1.0000  1.0000  1.0000  1.0000  0.0000  0.0000  0.0000  0.0000 
-0.1650 -0.3600  0.0130 -0.4150 -0.6820 -0.2610  0.1790  0.8370  0.9680  0.9920  0.9970  0.9990  1.0000  1.0000  1.0000  1.0000  1.0000  1.0000  1.0000  1.0000  1.0000  1.0000  1.0000  1.0000  1.0000  1.0000  1.0000  1.0000  1.0000  0.0000  0.0000  0.0000  0.0000 
-0.1650 -0.3590  0.0150 -0.4130 -0.6840 -0.2630  0.1770  0.8360  0.9680  0.9920  0.9970  0.9990  1.0000  1.0000  1.0000  1.0000  1.0000  1.0000  1.0000  1.0000  1.0000  1.0000  1.0000  1.0000  1.0000  1.0000  1.0000  1.0000  1.0000  0.0000  0.0000  0.0000  0.0000 
-0.1650 -0.3600  0.0150 -0.4140 -0.6840 -0.2620  0.1780  0.8360  0.9680  0.9920  0.9970  0.9990  1.0000  1.0000  1.0000  1.0000  1.0000  1.0000  1.0000  1.0000  1.0000  1.0000  1.0000  1.0000  1.0000  1.0000  1.0000  1.0000  1.0000  0.0000  0.0000  0.0000  0.0000 
-0.1640 -0.3600  0.0150 -0.4140 -0.6830 -0.2620  0.1780  0.8360  0.9680  0.9920  0.9970  0.9990  1.0000  1.0000  1.0000  1.0000  1.0000  1.0000  1.0000  1.0000  1.0000  1.0000  1.0000  1.0000  1.0000  1.0000  1.0000  1.0000  1.0000  0.0000  0.0000  0.0000  0.0000 
-0.1640 -0.3600  0.0150 -0.4140 -0.6830 -0.2620  0.1770  0.8360  0.9680  0.9920  0.9970  0.9990  1.0000  1.0000  1.0000  1.0000  1.0000  1.0000  1.0000  1.0000  1.0000  1.0000  1.0000  1.0000  1.0000  1.0000  1.0000  1.0000  1.0000  0.0000  0.0000  0.0000  0.0000 
-0.1640 -0.3600  0.0150 -0.4130 -0.6830 -0.2620  0.1770  0.8360  0.9680  0.9920  0.9970  0.9990  1.0000  1.0000  1.0000  1.0000  1.0000  1.0000  1.0000  1.0000  1.0000  1.0000  1.0000  1.0000  1.0000  1.0000  1.0000  1.0000  1.0000  0.0000  0.0000  0.0000  0.0000 
-0.1640 -0.3590  0.0160 -0.4130 -0.6840 -0.2630  0.1770  0.8360  0.9680  0.9920  0.9970  0.9990  1.0000  1.0000  1.0000  1.0000  1.0000  1.0000  1.0000  1.0000  1.0000  1.0000  1.0000  1.0000  1.0000  1.0000  1.0000  1.0000  1.0000  0.0000  0.0000  0.0000  0.0000 
-0.1640 -0.3600  0.0150 -0.4130 -0.6840 -0.2630  0.1770  0.8360  0.9680  0.9920  0.9970  0.9990  1.0000  1.0000  1.0000  1.0000  1.0000  1.0000  1.0000  1.0000  1.0000  1.0000  1.0000  1.0000  1.0000  1.0000  1.0000  1.0000  1.0000  0.0000  0.0000  0.0000  0.0000 
-0.1640 -0.3590  0.0150 -0.4130 -0.6840 -0.2630  0.1770  0.8360  0.9680  0.9920  0.9970  0.9990  1.0000  1.0000  1.0000  1.0000  1.0000  1.0000  1.0000  1.0000  1.0000  1.0000  1.0000  1.0000  1.0000  1.0000  1.0000  1.0000  1.0000  0.0000  0.0000  0.0000  0.0000 
-0.1640 -0.3590  0.0150 -0.4130 -0.6840 -0.2630  0.1770  0.8360  0.9680  0.9920  0.9970  0.9990  1.0000  1.0000  1.0000  1.0000  1.0000  1.0000  1.0000  1.0000  1.0000  1.0000  1.0000  1.0000  1.0000  1.0000  1.0000  1.0000  1.0000  0.0000  0.0000  0.0000  0.0000 
-0.1640 -0.3590  0.0160 -0.4130 -0.6840 -0.2630  0.1760  0.8360  0.9680  0.9920  0.9970  0.9990  1.0000  1.0000  1.0000  1.0000  1.0000  1.0000  1.0000  1.0000  1.0000  1.0000  1.0000  1.0000  1.0000  1.0000  1.0000  1.0000  1.0000  0.0000  0.0000  0.0000  0.0000 
-0.1650 -0.3590  0.0160 -0.4130 -0.6840 -0.2630  0.1760  0.8360  0.9680  0.9920  0.9970  0.9990  1.0000  1.0000  1.0000  1.0000  1.0000  1.0000  1.0000  1.0000  1.0000  1.0000  1.0000  1.0000  1.0000  1.0000  1.0000  1.0000  1.0000  0.0000  0.0000  0.0000  0.0000 
 0.0000  0.0000  0.0000  0.0000  0.0000  0.0000  0.0000  0.0000  0.0000  0.0000  0.0000  0.0000  0.0000  0.0000  0.0000  0.0000  0.0000  0.0000  0.0000  0.0000  0.0000  0.0000  0.0000  0.0000  0.0000  0.0000  0.0000  0.0000  0.0000  0.0000  0.0000  0.0000  0.0000 
 0.0000  0.0000  0.0000  0.0000  0.0000  0.0000  0.0000  0.0000  0.0000  0.0000  0.0000  0.0000  0.0000  0.0000  0.0000  0.0000  0.0000  0.0000  0.0000  0.0000  0.0000  0.0000  0.0000  0.0000  0.0000  0.0000  0.0000  0.0000  0.0000  0.0000  0.0000  0.0000  0.0000 
 0.0000  0.0000  0.0000  0.0000  0.0000  0.0000  0.0000  0.0000  0.0000  0.0000  0.0000  0.0000  0.0000  0.0000  0.0000  0.0000  0.0000  0.0000  0.0000  0.0000  0.0000  0.0000  0.0000  0.0000  0.0000  0.0000  0.0000  0.0000  0.0000  0.0000  0.0000  0.0000  0.0000 
 0.0000  0.0000  0.0000  0.0000  0.0000  0.0000  0.0000  0.0000  0.0000  0.0000  0.0000  0.0000  0.0000  0.0000  0.0000  0.0000  0.0000  0.0000  0.0000  0.0000  0.0000  0.0000  0.0000  0.0000  0.0000  0.0000  0.0000  0.0000  0.0000  0.0000  0.0000  0.0000  0.0000 
