 1.0000  0.5000  0.1820  0.1860  0.2320  0.2310  0.2260  0.2310  0.2170  0.1680  0.1580  0.0930  0.0730  0.0740  0.0740  0.0730  0.0000  0.0000  0.0000  0.0000  0.0000  0.0000  0.0000  0.0000  0.0000  0.0000  0.0000  0.0000  0.0000  0.0000  0.0000  0.0000  0.0000 
 0.5000  1.0000  0.5220  0.5280  0.5130  0.4240  0.3700  0.3360  0.2780  0.1800  0.1370  0.0390  0.0320  0.0330  0.0310  0.0320  0.0000  0.0000  0.0000  0.0000  0.0000  0.0000  0.0000  0.0000  0.0000  0.0000  0.0000  0.0000  0.0000  0.0000  0.0000  0.0000  0.0000 
 0.1820  0.5220  1.0000  0.9770  0.6740  0.3920  0.2750  0.2400  0.2220  0.1860  0.1410  0.0310  0.0230  0.0250  0.0250  0.0240  0.0000  0.0000  0.0000  0.0000  0.0000  0.0000  0.0000  0.0000  0.0000  0.0000  0.0000  0.0000  0.0000  0.0000  0.0000  0.0000  0.0000 
 0.1860  0.5280  0.9770  1.0000  0.7680  0.4880  0.3580  0.3080  0.2670  0.2000  0.1490  0.0320  0.0260  0.0270  0.0270  0.0250  0.0000  0.0000  0.0000  0.0000  0.0000  0.0000  0.0000  0.0000  0.0000  0.0000  0.0000  0.0000  0.0000  0.0000  0.0000  0.0000  0.0000 
 0.2320  0.5130  0.6740  0.7680  1.0000  0.8720  0.7500  0.6550  0.4920  0.2590  0.1800  0.0320  0.0280  0.0290  0.0290  0.0270  0.0000  0.0000  0.0000  0.0000  0.0000  0.0000  0.0000  0.0000  0.0000  0.0000  0.0000  0.0000  0.0000  0.0000  0.0000  0.0000  0.0000 
 0.2310  0.4240  0.3920  0.4880  0.8720  1.0000  0.9560  0.8700  0.6580  0.3380  0.2220  0.0310  0.0240  0.0260  0.0260  0.0240  0.0000  0.0000  0.0000  0.0000  0.0000  0.0000  0.0000  0.0000  0.0000  0.0000  0.0000  0.0000  0.0000  0.0000  0.0000  0.0000  0.0000 
 0.2260  0.3700  0.2750  0.3580  0.7500  0.9560  1.0000  0.9120  0.7060  0.3780  0.2540  0.0470  0.0370  0.0360  0.0390  0.0370  0.0000  0.0000  0.0000  0.0000  0.0000  0.0000  0.0000  0.0000  0.0000  0.0000  0.0000  0.0000  0.0000  0.0000  0.0000  0.0000  0.0000 
 0.2310  0.3360  0.2400  0.3080  0.6550  0.8700  0.9120  1.0000  0.7120  0.4130  0.2960  0.0860  0.0680  0.0690  0.0690  0.0680  0.0000  0.0000  0.0000  0.0000  0.0000  0.0000  0.0000  0.0000  0.0000  0.0000  0.0000  0.0000  0.0000  0.0000  0.0000  0.0000  0.0000 
 0.2170  0.2780  0.2220  0.2670  0.4920  0.6580  0.7060  0.7120  1.0000  0.4130  0.3190  0.1340  0.1070  0.1080  0.1070  0.1060  0.0000  0.0000  0.0000  0.0000  0.0000  0.0000  0.0000  0.0000  0.0000  0.0000  0.0000  0.0000  0.0000  0.0000  0.0000  0.0000  0.0000 
 0.1680  0.1800  0.1860  0.2000  0.2590  0.3380  0.3780  0.4130  0.4130  1.0000  0.3320  0.1540  0.1230  0.1230  0.1230  0.1240  0.0000  0.0000  0.0000  0.0000  0.0000  0.0000  0.0000  0.0000  0.0000  0.0000  0.0000  0.0000  0.0000  0.0000  0.0000  0.0000  0.0000 
 0.1580  0.1370  0.1410  0.1490  0.1800  0.2220  0.2540  0.2960  0.3190  0.3320  1.0000  0.2620  0.1420  0.1410  0.1410  0.1420  0.0000  0.0000  0.0000  0.0000  0.0000  0.0000  0.0000  0.0000  0.0000  0.0000  0.0000  0.0000  0.0000  0.0000  0.0000  0.0000  0.0000 
 0.0930  0.0390  0.0310  0.0320  0.0320  0.0310  0.0470  0.0860  0.1340  0.1540  0.2620  1.0000  0.9360  0.9350  0.9350  0.9340  0.0000  0.0000  0.0000  0.0000  0.0000  0.0000  0.0000  0.0000  0.0000  0.0000  0.0000  0.0000  0.0000  0.0000  0.0000  0.0000  0.0000 
 0.0730  0.0320  0.0230  0.0260  0.0280  0.0240  0.0370  0.0680  0.1070  0.1230  0.1420  0.9360  1.0000  0.9950  0.9950  0.9950  0.0000  0.0000  0.0000  0.0000  0.0000  0.0000  0.0000  0.0000  0.0000  0.0000  0.0000  0.0000  0.0000  0.0000  0.0000  0.0000  0.0000 
 0.0740  0.0330  0.0250  0.0270  0.0290  0.0260  0.0360  0.0690  0.1080  0.1230  0.1410  0.9350  0.9950  1.0000  0.9950  0.9950  0.0000  0.0000  0.0000  0.0000  0.0000  0.0000  0.0000  0.0000  0.0000  0.0000  0.0000  0.0000  0.0000  0.0000  0.0000  0.0000  0.0000 
 0.0740  0.0310  0.0250  0.0270  0.0290  0.0260  0.0390  0.0690  0.1070  0.1230  0.1410  0.9350  0.9950  0.9950  1.0000  0.9940  0.0000  0.0000  0.0000  0.0000  0.0000  0.0000  0.0000  0.0000  0.0000  0.0000  0.0000  0.0000  0.0000  0.0000  0.0000  0.0000  0.0000 
 0.0730  0.0320  0.0240  0.0250  0.0270  0.0240  0.0370  0.0680  0.1060  0.1240  0.1420  0.9340  0.9950  0.9950  0.9940  1.0000  0.0180  0.0180  0.0180  0.0180  0.0180  0.0170  0.0180  0.0140  0.0170  0.0170  0.0170  0.0140  0.0180  0.0170  0.0080  0.0080  0.0110 
 0.0000  0.0000  0.0000  0.0000  0.0000  0.0000  0.0000  0.0000  0.0000  0.0000  0.0000  0.0000  0.0000  0.0000  0.0000  0.0180  1.0000  0.9360  0.9130  0.9100  0.9070  0.8600  0.8990  0.7240  0.8380  0.8720  0.8470  0.7030  0.8950  0.8460  0.4240  0.4110  0.5780 
 0.0000  0.0000  0.0000  0.0000  0.0000  0.0000  0.0000  0.0000  0.0000  0.0000  0.0000  0.0000  0.0000  0.0000  0.0000  0.0180  0.9360  1.0000  0.9030  0.8980  0.8940  0.8490  0.8870  0.7130  0.8260  0.8580  0.8360  0.6950  0.8810  0.8350  0.4180  0.4060  0.5720 
 0.0000  0.0000  0.0000  0.0000  0.0000  0.0000  0.0000  0.0000  0.0000  0.0000  0.0000  0.0000  0.0000  0.0000  0.0000  0.0180  0.9130  0.9030  1.0000  0.9190  0.8770  0.8320  0.8680  0.7010  0.8090  0.8460  0.8200  0.6820  0.8640  0.8180  0.4120  0.3980  0.5600 
 0.0000  0.0000  0.0000  0.0000  0.0000  0.0000  0.0000  0.0000  0.0000  0.0000  0.0000  0.0000  0.0000  0.0000  0.0000  0.0180  0.9100  0.8980  0.9190  1.0000  0.8930  0.8320  0.8690  0.6980  0.8080  0.8420  0.8160  0.6800  0.8630  0.8180  0.4090  0.3980  0.5590 
 0.0000  0.0000  0.0000  0.0000  0.0000  0.0000  0.0000  0.0000  0.0000  0.0000  0.0000  0.0000  0.0000  0.0000  0.0000  0.0180  0.9070  0.8940  0.8770  0.8930  1.0000  0.8640  0.8680  0.6960  0.8040  0.8370  0.8120  0.6750  0.8620  0.8170  0.4070  0.3960  0.5550 
 0.0000  0.0000  0.0000  0.0000  0.0000  0.0000  0.0000  0.0000  0.0000  0.0000  0.0000  0.0000  0.0000  0.0000  0.0000  0.0170  0.8600  0.8490  0.8320  0.8320  0.8640  1.0000  0.8300  0.6610  0.7630  0.7940  0.7710  0.6410  0.8170  0.7750  0.3860  0.3740  0.5240 
 0.0000  0.0000  0.0000  0.0000  0.0000  0.0000  0.0000  0.0000  0.0000  0.0000  0.0000  0.0000  0.0000  0.0000  0.0000  0.0180  0.8990  0.8870  0.8680  0.8690  0.8680  0.8300  1.0000  0.6940  0.7980  0.8300  0.8060  0.6690  0.8540  0.8100  0.4040  0.3890  0.5460 
 0.0000  0.0000  0.0000  0.0000  0.0000  0.0000  0.0000  0.0000  0.0000  0.0000  0.0000  0.0000  0.0000  0.0000  0.0000  0.0140  0.7240  0.7130  0.7010  0.6980  0.6960  0.6610  0.6940  1.0000  0.6360  0.6650  0.6490  0.5350  0.6850  0.6450  0.3180  0.3200  0.4460 
 0.0000  0.0000  0.0000  0.0000  0.0000  0.0000  0.0000  0.0000  0.0000  0.0000  0.0000  0.0000  0.0000  0.0000  0.0000  0.0170  0.8380  0.8260  0.8090  0.8080  0.8040  0.7630  0.7980  0.6360  1.0000  0.7810  0.7560  0.6230  0.7950  0.7500  0.3780  0.3660  0.5110 
 0.0000  0.0000  0.0000  0.0000  0.0000  0.0000  0.0000  0.0000  0.0000  0.0000  0.0000  0.0000  0.0000  0.0000  0.0000  0.0170  0.8720  0.8580  0.8460  0.8420  0.8370  0.7940  0.8300  0.6650  0.7810  1.0000  0.7820  0.6470  0.8200  0.7750  0.3890  0.3810  0.5350 
 0.0000  0.0000  0.0000  0.0000  0.0000  0.0000  0.0000  0.0000  0.0000  0.0000  0.0000  0.0000  0.0000  0.0000  0.0000  0.0170  0.8470  0.8360  0.8200  0.8160  0.8120  0.7710  0.8060  0.6490  0.7560  0.7820  1.0000  0.6380  0.7980  0.7550  0.3810  0.3690  0.5180 
 0.0000  0.0000  0.0000  0.0000  0.0000  0.0000  0.0000  0.0000  0.0000  0.0000  0.0000  0.0000  0.0000  0.0000  0.0000  0.0140  0.7030  0.6950  0.6820  0.6800  0.6750  0.6410  0.6690  0.5350  0.6230  0.6470  0.6380  1.0000  0.7240  0.6190  0.3330  0.2840  0.4140 
 0.0000  0.0000  0.0000  0.0000  0.0000  0.0000  0.0000  0.0000  0.0000  0.0000  0.0000  0.0000  0.0000  0.0000  0.0000  0.0180  0.8950  0.8810  0.8640  0.8630  0.8620  0.8170  0.8540  0.6850  0.7950  0.8200  0.7980  0.7240  1.0000  0.8730  0.4950  0.3210  0.4850 
 0.0000  0.0000  0.0000  0.0000  0.0000  0.0000  0.0000  0.0000  0.0000  0.0000  0.0000  0.0000  0.0000  0.0000  0.0000  0.0170  0.8460  0.8350  0.8180  0.8180  0.8170  0.7750  0.8100  0.6450  0.7500  0.7750  0.7550  0.6190  0.8730  1.0000  0.6240  0.1970  0.3710 
 0.0000  0.0000  0.0000  0.0000  0.0000  0.0000  0.0000  0.0000  0.0000  0.0000  0.0000  0.0000  0.0000  0.0000  0.0000  0.0080  0.4240  0.4180  0.4120  0.4090  0.4070  0.3860  0.4040  0.3180  0.3780  0.3890  0.3810  0.3330  0.4950  0.6240  1.0000 -0.5810 -0.3920 
 0.0000  0.0000  0.0000  0.0000  0.0000  0.0000  0.0000  0.0000  0.0000  0.0000  0.0000  0.0000  0.0000  0.0000  0.0000  0.0080  0.4110  0.4060  0.3980  0.3980  0.3960  0.3740  0.3890  0.3200  0.3660  0.3810  0.3690  0.2840  0.3210  0.1970 -0.5810  1.0000  0.9190 
 0.0000  0.0000  0.0000  0.0000  0.0000  0.0000  0.0000  0.0000  0.0000  0.0000  0.0000  0.0000  0.0000  0.0000  0.0000  0.0110  0.5780  0.5720  0.5600  0.5590  0.5550  0.5240  0.5460  0.4460  0.5110  0.5350  0.5180  0.4140  0.4850  0.3710 -0.3920  0.9190  1.0000 
