 1.0000  0.7740  0.7640  0.7860  0.7780  0.7300  0.3180  0.1870  0.1690  0.2470  0.1730  0.1020  0.0970  0.1210  0.1510  0.1600  0.0020  0.0000  0.0000  0.0000  0.0000  0.0000  0.0000  0.0000  0.0000  0.0000  0.0000  0.0000  0.0000  0.0000  0.0000  0.0000  0.0000 
 0.7740  1.0000  0.7990  0.8290  0.8170  0.7650  0.3090  0.1640  0.1480  0.2560  0.1980  0.1170  0.1140  0.1410  0.1780  0.1840  0.0020  0.0000  0.0000  0.0000  0.0000  0.0000  0.0000  0.0000  0.0000  0.0000  0.0000  0.0000  0.0000  0.0000  0.0000  0.0000  0.0000 
 0.7640  0.7990  1.0000  0.8560  0.8080  0.7620  0.2810  0.1280  0.1120  0.2570  0.2160  0.1300  0.1270  0.1570  0.1970  0.1990  0.0010  0.0000  0.0000  0.0000  0.0000  0.0000  0.0000  0.0000  0.0000  0.0000  0.0000  0.0000  0.0000  0.0000  0.0000  0.0000  0.0000 
 0.7860  0.8290  0.8560  1.0000  0.8490  0.7790  0.3440  0.2010  0.1820  0.2770  0.2010  0.1160  0.1160  0.1420  0.1800  0.1890  0.0030  0.0000  0.0000  0.0000  0.0000  0.0000  0.0000  0.0000  0.0000  0.0000  0.0000  0.0000  0.0000  0.0000  0.0000  0.0000  0.0000 
 0.7780  0.8170  0.8080  0.8490  1.0000  0.7770  0.2150  0.0640  0.0410  0.1210  0.1160  0.0770  0.0730  0.0850  0.1030  0.1010  0.0020  0.0000  0.0000  0.0000  0.0000  0.0000  0.0000  0.0000  0.0000  0.0000  0.0000  0.0000  0.0000  0.0000  0.0000  0.0000  0.0000 
 0.7300  0.7650  0.7620  0.7790  0.7770  1.0000  0.5960  0.3750  0.3640  0.6170  0.4990  0.3820  0.3830  0.4150  0.4660  0.4730  0.0020  0.0000  0.0000  0.0000  0.0000  0.0000  0.0000  0.0000  0.0000  0.0000  0.0000  0.0000  0.0000  0.0000  0.0000  0.0000  0.0000 
 0.3180  0.3090  0.2810  0.3440  0.2150  0.5960  1.0000  0.9330  0.9280  0.7540  0.3360  0.2690  0.3090  0.3060  0.2890  0.3300  0.0000  0.0000  0.0000  0.0000  0.0000  0.0000  0.0000  0.0000  0.0000  0.0000  0.0000  0.0000  0.0000  0.0000  0.0000  0.0000  0.0000 
 0.1870  0.1640  0.1280  0.2010  0.0640  0.3750  0.9330  1.0000  0.9960  0.5200  0.0240 -0.0260  0.0070  0.0000 -0.0220  0.0360  0.0000  0.0000  0.0000  0.0000  0.0000  0.0000  0.0000  0.0000  0.0000  0.0000  0.0000  0.0000  0.0000  0.0000  0.0000  0.0000  0.0000 
 0.1690  0.1480  0.1120  0.1820  0.0410  0.3640  0.9280  0.9960  1.0000  0.5190  0.0200 -0.0300  0.0010 -0.0050 -0.0220  0.0330  0.0000  0.0000  0.0000  0.0000  0.0000  0.0000  0.0000  0.0000  0.0000  0.0000  0.0000  0.0000  0.0000  0.0000  0.0000  0.0000  0.0000 
 0.2470  0.2560  0.2570  0.2770  0.1210  0.6170  0.7540  0.5200  0.5190  1.0000  0.8240  0.7300  0.7770  0.7870  0.7920  0.7750  0.0000  0.0000  0.0000  0.0000  0.0000  0.0000  0.0000  0.0000  0.0000  0.0000  0.0000  0.0000  0.0000  0.0000  0.0000  0.0000  0.0000 
 0.1730  0.1980  0.2160  0.2010  0.1160  0.4990  0.3360  0.0240  0.0200  0.8240  1.0000  0.9610  0.9650  0.9820  0.9920  0.9530  0.0000  0.0000  0.0000  0.0000  0.0000  0.0000  0.0000  0.0000  0.0000  0.0000  0.0000  0.0000  0.0000  0.0000  0.0000  0.0000  0.0000 
 0.1020  0.1170  0.1300  0.1160  0.0770  0.3820  0.2690 -0.0260 -0.0300  0.7300  0.9610  1.0000  0.9830  0.9840  0.9730  0.9370  0.0000  0.0000  0.0000  0.0000  0.0000  0.0000  0.0000  0.0000  0.0000  0.0000  0.0000  0.0000  0.0000  0.0000  0.0000  0.0000  0.0000 
 0.0970  0.1140  0.1270  0.1160  0.0730  0.3830  0.3090  0.0070  0.0010  0.7770  0.9650  0.9830  1.0000  0.9900  0.9700  0.9260  0.0000  0.0000  0.0000  0.0000  0.0000  0.0000  0.0000  0.0000  0.0000  0.0000  0.0000  0.0000  0.0000  0.0000  0.0000  0.0000  0.0000 
 0.1210  0.1410  0.1570  0.1420  0.0850  0.4150  0.3060  0.0000 -0.0050  0.7870  0.9820  0.9840  0.9900  1.0000  0.9860  0.9410  0.0000  0.0000  0.0000  0.0000  0.0000  0.0000  0.0000  0.0000  0.0000  0.0000  0.0000  0.0000  0.0000  0.0000  0.0000  0.0000  0.0000 
 0.1510  0.1780  0.1970  0.1800  0.1030  0.4660  0.2890 -0.0220 -0.0220  0.7920  0.9920  0.9730  0.9700  0.9860  1.0000  0.9540  0.0000  0.0000  0.0000  0.0000  0.0000  0.0000  0.0000  0.0000  0.0000  0.0000  0.0000  0.0000  0.0000  0.0000  0.0000  0.0000  0.0000 
 0.1600  0.1840  0.1990  0.1890  0.1010  0.4730  0.3300  0.0360  0.0330  0.7750  0.9530  0.9370  0.9260  0.9410  0.9540  1.0000  0.2420  0.2270  0.2230  0.2230  0.2220  0.2110  0.2220  0.2160  0.2250  0.2200  0.2200  0.2090  0.2170  0.2100  0.2220  0.2120  0.2160 
 0.0020  0.0020  0.0010  0.0030  0.0020  0.0020  0.0000  0.0000  0.0000  0.0000  0.0000  0.0000  0.0000  0.0000  0.0000  0.2420  1.0000  0.9240  0.9100  0.9080  0.9050  0.8580  0.9040  0.8830  0.9210  0.8960  0.8990  0.8580  0.8810  0.8510  0.9060  0.8630  0.8810 
 0.0000  0.0000  0.0000  0.0000  0.0000  0.0000  0.0000  0.0000  0.0000  0.0000  0.0000  0.0000  0.0000  0.0000  0.0000  0.2270  0.9240  1.0000  0.9010  0.8930  0.8910  0.8440  0.8890  0.8690  0.9070  0.8820  0.8850  0.8410  0.8650  0.8350  0.8910  0.8500  0.8680 
 0.0000  0.0000  0.0000  0.0000  0.0000  0.0000  0.0000  0.0000  0.0000  0.0000  0.0000  0.0000  0.0000  0.0000  0.0000  0.2230  0.9100  0.9010  1.0000  0.9110  0.8800  0.8320  0.8780  0.8580  0.8930  0.8700  0.8730  0.8310  0.8560  0.8260  0.8800  0.8370  0.8550 
 0.0000  0.0000  0.0000  0.0000  0.0000  0.0000  0.0000  0.0000  0.0000  0.0000  0.0000  0.0000  0.0000  0.0000  0.0000  0.2230  0.9080  0.8930  0.9110  1.0000  0.8940  0.8310  0.8760  0.8560  0.8930  0.8690  0.8700  0.8290  0.8520  0.8260  0.8750  0.8360  0.8540 
 0.0000  0.0000  0.0000  0.0000  0.0000  0.0000  0.0000  0.0000  0.0000  0.0000  0.0000  0.0000  0.0000  0.0000  0.0000  0.2220  0.9050  0.8910  0.8800  0.8940  1.0000  0.8620  0.8750  0.8540  0.8890  0.8660  0.8690  0.8280  0.8510  0.8240  0.8740  0.8340  0.8520 
 0.0000  0.0000  0.0000  0.0000  0.0000  0.0000  0.0000  0.0000  0.0000  0.0000  0.0000  0.0000  0.0000  0.0000  0.0000  0.2110  0.8580  0.8440  0.8320  0.8310  0.8620  1.0000  0.8330  0.8080  0.8430  0.8210  0.8230  0.7840  0.8060  0.7790  0.8270  0.7900  0.8070 
 0.0000  0.0000  0.0000  0.0000  0.0000  0.0000  0.0000  0.0000  0.0000  0.0000  0.0000  0.0000  0.0000  0.0000  0.0000  0.2220  0.9040  0.8890  0.8780  0.8760  0.8750  0.8330  1.0000  0.8540  0.8890  0.8660  0.8670  0.8260  0.8500  0.8240  0.8730  0.8330  0.8510 
 0.0000  0.0000  0.0000  0.0000  0.0000  0.0000  0.0000  0.0000  0.0000  0.0000  0.0000  0.0000  0.0000  0.0000  0.0000  0.2160  0.8830  0.8690  0.8580  0.8560  0.8540  0.8080  0.8540  1.0000  0.8690  0.8460  0.8470  0.8070  0.8300  0.8020  0.8540  0.8130  0.8310 
 0.0000  0.0000  0.0000  0.0000  0.0000  0.0000  0.0000  0.0000  0.0000  0.0000  0.0000  0.0000  0.0000  0.0000  0.0000  0.2250  0.9210  0.9070  0.8930  0.8930  0.8890  0.8430  0.8890  0.8690  1.0000  0.8830  0.8830  0.8400  0.8620  0.8330  0.8890  0.8500  0.8670 
 0.0000  0.0000  0.0000  0.0000  0.0000  0.0000  0.0000  0.0000  0.0000  0.0000  0.0000  0.0000  0.0000  0.0000  0.0000  0.2200  0.8960  0.8820  0.8700  0.8690  0.8660  0.8210  0.8660  0.8460  0.8830  1.0000  0.8610  0.8170  0.8380  0.8120  0.8660  0.8270  0.8440 
 0.0000  0.0000  0.0000  0.0000  0.0000  0.0000  0.0000  0.0000  0.0000  0.0000  0.0000  0.0000  0.0000  0.0000  0.0000  0.2200  0.8990  0.8850  0.8730  0.8700  0.8690  0.8230  0.8670  0.8470  0.8830  0.8610  1.0000  0.8360  0.8410  0.8110  0.8680  0.8280  0.8460 
 0.0000  0.0000  0.0000  0.0000  0.0000  0.0000  0.0000  0.0000  0.0000  0.0000  0.0000  0.0000  0.0000  0.0000  0.0000  0.2090  0.8580  0.8410  0.8310  0.8290  0.8280  0.7840  0.8260  0.8070  0.8400  0.8170  0.8360  1.0000  0.9350  0.8040  0.8270  0.7820  0.8060 
 0.0000  0.0000  0.0000  0.0000  0.0000  0.0000  0.0000  0.0000  0.0000  0.0000  0.0000  0.0000  0.0000  0.0000  0.0000  0.2170  0.8810  0.8650  0.8560  0.8520  0.8510  0.8060  0.8500  0.8300  0.8620  0.8380  0.8410  0.9350  1.0000  0.8980  0.8980  0.8130  0.8260 
 0.0000  0.0000  0.0000  0.0000  0.0000  0.0000  0.0000  0.0000  0.0000  0.0000  0.0000  0.0000  0.0000  0.0000  0.0000  0.2100  0.8510  0.8350  0.8260  0.8260  0.8240  0.7790  0.8240  0.8020  0.8330  0.8120  0.8110  0.8040  0.8980  1.0000  0.9540  0.7960  0.8010 
 0.0000  0.0000  0.0000  0.0000  0.0000  0.0000  0.0000  0.0000  0.0000  0.0000  0.0000  0.0000  0.0000  0.0000  0.0000  0.2220  0.9060  0.8910  0.8800  0.8750  0.8740  0.8270  0.8730  0.8540  0.8890  0.8660  0.8680  0.8270  0.8980  0.9540  1.0000  0.8660  0.8540 
 0.0000  0.0000  0.0000  0.0000  0.0000  0.0000  0.0000  0.0000  0.0000  0.0000  0.0000  0.0000  0.0000  0.0000  0.0000  0.2120  0.8630  0.8500  0.8370  0.8360  0.8340  0.7900  0.8330  0.8130  0.8500  0.8270  0.8280  0.7820  0.8130  0.7960  0.8660  1.0000  0.8150 
 0.0000  0.0000  0.0000  0.0000  0.0000  0.0000  0.0000  0.0000  0.0000  0.0000  0.0000  0.0000  0.0000  0.0000  0.0000  0.2160  0.8810  0.8680  0.8550  0.8540  0.8520  0.8070  0.8510  0.8310  0.8670  0.8440  0.8460  0.8060  0.8260  0.8010  0.8540  0.8150  1.0000 
