 1.0000  0.8910  0.0330 -0.5670 -0.9370 -0.0560  0.3160  0.4760  0.5170  0.5330  0.5390  0.5420  0.5430  0.5440  0.5440  0.5440  0.5440  0.5440  0.5440  0.5440  0.5440  0.5440  0.5440  0.5440  0.5440  0.5440  0.5450  0.5450  0.5450  0.0000  0.0000  0.0000  0.0000 
 0.8910  1.0000  0.4830 -0.1320 -0.6930 -0.5020 -0.1500  0.0260  0.0760  0.0940  0.1020  0.1050  0.1070  0.1080  0.1080  0.1090  0.1090  0.1090  0.1090  0.1090  0.1090  0.1090  0.1090  0.1090  0.1090  0.1090  0.1090  0.1090  0.1090  0.0000  0.0000  0.0000  0.0000 
 0.0330  0.4830  1.0000  0.8000  0.2740 -0.9990 -0.9360 -0.8560 -0.8270 -0.8150 -0.8100 -0.8080 -0.8060 -0.8060 -0.8050 -0.8050 -0.8050 -0.8050 -0.8050 -0.8050 -0.8050 -0.8050 -0.8050 -0.8050 -0.8050 -0.8050 -0.8050 -0.8050 -0.8050  0.0000  0.0000  0.0000  0.0000 
-0.5670 -0.1320  0.8000  1.0000  0.7950 -0.7830 -0.9600 -0.9940 -0.9970 -0.9970 -0.9970 -0.9970 -0.9970 -0.9970 -0.9970 -0.9970 -0.9970 -0.9970 -0.9970 -0.9970 -0.9970 -0.9970 -0.9970 -0.9970 -0.9970 -0.9970 -0.9970 -0.9970 -0.9970  0.0000  0.0000  0.0000  0.0000 
-0.9370 -0.6930  0.2740  0.7950  1.0000 -0.2450 -0.5940 -0.7320 -0.7660 -0.7790 -0.7840 -0.7860 -0.7870 -0.7880 -0.7880 -0.7880 -0.7890 -0.7890 -0.7890 -0.7890 -0.7890 -0.7890 -0.7890 -0.7890 -0.7890 -0.7890 -0.7890 -0.7890 -0.7890  0.0000  0.0000  0.0000  0.0000 
-0.0560 -0.5020 -0.9990 -0.7830 -0.2450  1.0000  0.9250  0.8380  0.8080  0.7950  0.7900  0.7880  0.7860  0.7850  0.7850  0.7850  0.7850  0.7850  0.7850  0.7850  0.7850  0.7850  0.7850  0.7850  0.7850  0.7850  0.7850  0.7840  0.7840  0.0000  0.0000  0.0000  0.0000 
 0.3160 -0.1500 -0.9360 -0.9600 -0.5940  0.9250  1.0000  0.9830  0.9710  0.9660  0.9640  0.9620  0.9620  0.9610  0.9610  0.9610  0.9610  0.9610  0.9610  0.9610  0.9610  0.9610  0.9610  0.9610  0.9610  0.9610  0.9610  0.9610  0.9610  0.0000  0.0000  0.0000  0.0000 
 0.4760  0.0260 -0.8560 -0.9940 -0.7320  0.8380  0.9830  1.0000  0.9990  0.9970  0.9960  0.9960  0.9960  0.9960  0.9960  0.9960  0.9960  0.9960  0.9960  0.9960  0.9960  0.9960  0.9960  0.9960  0.9960  0.9960  0.9960  0.9960  0.9960  0.0000  0.0000  0.0000  0.0000 
 0.5170  0.0760 -0.8270 -0.9970 -0.7660  0.8080  0.9710  0.9990  1.0000  1.0000  1.0000  0.9990  0.9990  0.9990  0.9990  0.9990  0.9990  0.9990  0.9990  0.9990  0.9990  0.9990  0.9990  0.9990  0.9990  0.9990  0.9990  0.9990  0.9990  0.0000  0.0000  0.0000  0.0000 
 0.5330  0.0940 -0.8150 -0.9970 -0.7790  0.7950  0.9660  0.9970  1.0000  1.0000  1.0000  1.0000  1.0000  1.0000  1.0000  1.0000  1.0000  1.0000  1.0000  1.0000  1.0000  1.0000  1.0000  1.0000  1.0000  1.0000  1.0000  1.0000  1.0000  0.0000  0.0000  0.0000  0.0000 
 0.5390  0.1020 -0.8100 -0.9970 -0.7840  0.7900  0.9640  0.9960  1.0000  1.0000  1.0000  1.0000  1.0000  1.0000  1.0000  1.0000  1.0000  1.0000  1.0000  1.0000  1.0000  1.0000  1.0000  1.0000  1.0000  1.0000  1.0000  1.0000  1.0000  0.0000  0.0000  0.0000  0.0000 
 0.5420  0.1050 -0.8080 -0.9970 -0.7860  0.7880  0.9620  0.9960  0.9990  1.0000  1.0000  1.0000  1.0000  1.0000  1.0000  1.0000  1.0000  1.0000  1.0000  1.0000  1.0000  1.0000  1.0000  1.0000  1.0000  1.0000  1.0000  1.0000  1.0000  0.0000  0.0000  0.0000  0.0000 
 0.5430  0.1070 -0.8060 -0.9970 -0.7870  0.7860  0.9620  0.9960  0.9990  1.0000  1.0000  1.0000  1.0000  1.0000  1.0000  1.0000  1.0000  1.0000  1.0000  1.0000  1.0000  1.0000  1.0000  1.0000  1.0000  1.0000  1.0000  1.0000  1.0000  0.0000  0.0000  0.0000  0.0000 
 0.5440  0.1080 -0.8060 -0.9970 -0.7880  0.7850  0.9610  0.9960  0.9990  1.0000  1.0000  1.0000  1.0000  1.0000  1.0000  1.0000  1.0000  1.0000  1.0000  1.0000  1.0000  1.0000  1.0000  1.0000  1.0000  1.0000  1.0000  1.0000  1.0000  0.0000  0.0000  0.0000  0.0000 
 0.5440  0.1080 -0.8050 -0.9970 -0.7880  0.7850  0.9610  0.9960  0.9990  1.0000  1.0000  1.0000  1.0000  1.0000  1.0000  1.0000  1.0000  1.0000  1.0000  1.0000  1.0000  1.0000  1.0000  1.0000  1.0000  1.0000  1.0000  1.0000  1.0000  0.0000  0.0000  0.0000  0.0000 
 0.5440  0.1090 -0.8050 -0.9970 -0.7880  0.7850  0.9610  0.9960  0.9990  1.0000  1.0000  1.0000  1.0000  1.0000  1.0000  1.0000  1.0000  1.0000  1.0000  1.0000  1.0000  1.0000  1.0000  1.0000  1.0000  1.0000  1.0000  1.0000  1.0000  0.0000  0.0000  0.0000  0.0000 
 0.5440  0.1090 -0.8050 -0.9970 -0.7890  0.7850  0.9610  0.9960  0.9990  1.0000  1.0000  1.0000  1.0000  1.0000  1.0000  1.0000  1.0000  1.0000  1.0000  1.0000  1.0000  1.0000  1.0000  1.0000  1.0000  1.0000  1.0000  1.0000  1.0000  0.0000  0.0000  0.0000  0.0000 
 0.5440  0.1090 -0.8050 -0.9970 -0.7890  0.7850  0.9610  0.9960  0.9990  1.0000  1.0000  1.0000  1.0000  1.0000  1.0000  1.0000  1.0000  1.0000  1.0000  1.0000  1.0000  1.0000  1.0000  1.0000  1.0000  1.0000  1.0000  1.0000  1.0000  0.0000  0.0000  0.0000  0.0000 
 0.5440  0.1090 -0.8050 -0.9970 -0.7890  0.7850  0.9610  0.9960  0.9990  1.0000  1.0000  1.0000  1.0000  1.0000  1.0000  1.0000  1.0000  1.0000  1.0000  1.0000  1.0000  1.0000  1.0000  1.0000  1.0000  1.0000  1.0000  1.0000  1.0000  0.0000  0.0000  0.0000  0.0000 
 0.5440  0.1090 -0.8050 -0.9970 -0.7890  0.7850  0.9610  0.9960  0.9990  1.0000  1.0000  1.0000  1.0000  1.0000  1.0000  1.0000  1.0000  1.0000  1.0000  1.0000  1.0000  1.0000  1.0000  1.0000  1.0000  1.0000  1.0000  1.0000  1.0000  0.0000  0.0000  0.0000  0.0000 
 0.5440  0.1090 -0.8050 -0.9970 -0.7890  0.7850  0.9610  0.9960  0.9990  1.0000  1.0000  1.0000  1.0000  1.0000  1.0000  1.0000  1.0000  1.0000  1.0000  1.0000  1.0000  1.0000  1.0000  1.0000  1.0000  1.0000  1.0000  1.0000  1.0000  0.0000  0.0000  0.0000  0.0000 
 0.5440  0.1090 -0.8050 -0.9970 -0.7890  0.7850  0.9610  0.9960  0.9990  1.0000  1.0000  1.0000  1.0000  1.0000  1.0000  1.0000  1.0000  1.0000  1.0000  1.0000  1.0000  1.0000  1.0000  1.0000  1.0000  1.0000  1.0000  1.0000  1.0000  0.0000  0.0000  0.0000  0.0000 
 0.5440  0.1090 -0.8050 -0.9970 -0.7890  0.7850  0.9610  0.9960  0.9990  1.0000  1.0000  1.0000  1.0000  1.0000  1.0000  1.0000  1.0000  1.0000  1.0000  1.0000  1.0000  1.0000  1.0000  1.0000  1.0000  1.0000  1.0000  1.0000  1.0000  0.0000  0.0000  0.0000  0.0000 
 0.5440  0.1090 -0.8050 -0.9970 -0.7890  0.7850  0.9610  0.9960  0.9990  1.0000  1.0000  1.0000  1.0000  1.0000  1.0000  1.0000  1.0000  1.0000  1.0000  1.0000  1.0000  1.0000  1.0000  1.0000  1.0000  1.0000  1.0000  1.0000  1.0000  0.0000  0.0000  0.0000  0.0000 
 0.5440  0.1090 -0.8050 -0.9970 -0.7890  0.7850  0.9610  0.9960  0.9990  1.0000  1.0000  1.0000  1.0000  1.0000  1.0000  1.0000  1.0000  1.0000  1.0000  1.0000  1.0000  1.0000  1.0000  1.0000  1.0000  1.0000  1.0000  1.0000  1.0000  0.0000  0.0000  0.0000  0.0000 
 0.5440  0.1090 -0.8050 -0.9970 -0.7890  0.7850  0.9610  0.9960  0.9990  1.0000  1.0000  1.0000  1.0000  1.0000  1.0000  1.0000  1.0000  1.0000  1.0000  1.0000  1.0000  1.0000  1.0000  1.0000  1.0000  1.0000  1.0000  1.0000  1.0000  0.0000  0.0000  0.0000  0.0000 
 0.5450  0.1090 -0.8050 -0.9970 -0.7890  0.7850  0.9610  0.9960  0.9990  1.0000  1.0000  1.0000  1.0000  1.0000  1.0000  1.0000  1.0000  1.0000  1.0000  1.0000  1.0000  1.0000  1.0000  1.0000  1.0000  1.0000  1.0000  1.0000  1.0000  0.0000  0.0000  0.0000  0.0000 
 0.5450  0.1090 -0.8050 -0.9970 -0.7890  0.7840  0.9610  0.9960  0.9990  1.0000  1.0000  1.0000  1.0000  1.0000  1.0000  1.0000  1.0000  1.0000  1.0000  1.0000  1.0000  1.0000  1.0000  1.0000  1.0000  1.0000  1.0000  1.0000  1.0000  0.0000  0.0000  0.0000  0.0000 
 0.5450  0.1090 -0.8050 -0.9970 -0.7890  0.7840  0.9610  0.9960  0.9990  1.0000  1.0000  1.0000  1.0000  1.0000  1.0000  1.0000  1.0000  1.0000  1.0000  1.0000  1.0000  1.0000  1.0000  1.0000  1.0000  1.0000  1.0000  1.0000  1.0000  0.0000  0.0000  0.0000  0.0000 
 0.0000  0.0000  0.0000  0.0000  0.0000  0.0000  0.0000  0.0000  0.0000  0.0000  0.0000  0.0000  0.0000  0.0000  0.0000  0.0000  0.0000  0.0000  0.0000  0.0000  0.0000  0.0000  0.0000  0.0000  0.0000  0.0000  0.0000  0.0000  0.0000  0.0000  0.0000  0.0000  0.0000 
 0.0000  0.0000  0.0000  0.0000  0.0000  0.0000  0.0000  0.0000  0.0000  0.0000  0.0000  0.0000  0.0000  0.0000  0.0000  0.0000  0.0000  0.0000  0.0000  0.0000  0.0000  0.0000  0.0000  0.0000  0.0000  0.0000  0.0000  0.0000  0.0000  0.0000  0.0000  0.0000  0.0000 
 0.0000  0.0000  0.0000  0.0000  0.0000  0.0000  0.0000  0.0000  0.0000  0.0000  0.0000  0.0000  0.0000  0.0000  0.0000  0.0000  0.0000  0.0000  0.0000  0.0000  0.0000  0.0000  0.0000  0.0000  0.0000  0.0000  0.0000  0.0000  0.0000  0.0000  0.0000  0.0000  0.0000 
 0.0000  0.0000  0.0000  0.0000  0.0000  0.0000  0.0000  0.0000  0.0000  0.0000  0.0000  0.0000  0.0000  0.0000  0.0000  0.0000  0.0000  0.0000  0.0000  0.0000  0.0000  0.0000  0.0000  0.0000  0.0000  0.0000  0.0000  0.0000  0.0000  0.0000  0.0000  0.0000  0.0000 
