 1.0000  0.7760  0.5300  0.4320  0.3890  0.3530  0.3250  0.2710  0.2270  0.2310  0.2110  0.2010  0.1560  0.0970  0.0550  0.0360  0.0250  0.0160  0.0130  0.0100  0.0000  0.0000  0.0000  0.0000  0.0000  0.0000  0.0000  0.0000  0.0000  0.0000  0.0000  0.0000  0.0000 
 0.7760  1.0000  0.7250  0.5780  0.5430  0.4450  0.4270  0.3660  0.3000  0.3060  0.2790  0.2650  0.2050  0.1270  0.0710  0.0470  0.0320  0.0210  0.0160  0.0130  0.0000  0.0000  0.0000  0.0000  0.0000  0.0000  0.0000  0.0000  0.0000  0.0000  0.0000  0.0000  0.0000 
 0.5300  0.7250  1.0000  0.7560  0.6660  0.5750  0.5030  0.4280  0.3500  0.3530  0.3250  0.3090  0.2390  0.1470  0.0800  0.0530  0.0360  0.0240  0.0190  0.0150  0.0000  0.0000  0.0000  0.0000  0.0000  0.0000  0.0000  0.0000  0.0000  0.0000  0.0000  0.0000  0.0000 
 0.4320  0.5780  0.7560  1.0000  0.7910  0.5720  0.5230  0.4490  0.3660  0.3690  0.3390  0.3230  0.2490  0.1530  0.0840  0.0540  0.0370  0.0250  0.0200  0.0160  0.0000  0.0000  0.0000  0.0000  0.0000  0.0000  0.0000  0.0000  0.0000  0.0000  0.0000  0.0000  0.0000 
 0.3890  0.5430  0.6660  0.7910  1.0000  0.7910  0.5800  0.4520  0.3890  0.3900  0.3660  0.3500  0.2690  0.1650  0.0890  0.0580  0.0410  0.0280  0.0210  0.0170  0.0000  0.0000  0.0000  0.0000  0.0000  0.0000  0.0000  0.0000  0.0000  0.0000  0.0000  0.0000  0.0000 
 0.3530  0.4450  0.5750  0.5720  0.7910  1.0000  0.6280  0.4800  0.3880  0.3900  0.3750  0.3580  0.2750  0.1680  0.0910  0.0580  0.0410  0.0280  0.0210  0.0170  0.0000  0.0000  0.0000  0.0000  0.0000  0.0000  0.0000  0.0000  0.0000  0.0000  0.0000  0.0000  0.0000 
 0.3250  0.4270  0.5030  0.5230  0.5800  0.6280  1.0000  0.5390  0.4090  0.4180  0.4140  0.3980  0.3090  0.1790  0.0940  0.0570  0.0410  0.0280  0.0220  0.0180  0.0000  0.0000  0.0000  0.0000  0.0000  0.0000  0.0000  0.0000  0.0000  0.0000  0.0000  0.0000  0.0000 
 0.2710  0.3660  0.4280  0.4490  0.4520  0.4800  0.5390  1.0000  0.3410  0.3400  0.3280  0.3150  0.2390  0.1440  0.0790  0.0470  0.0330  0.0230  0.0180  0.0150  0.0000  0.0000  0.0000  0.0000  0.0000  0.0000  0.0000  0.0000  0.0000  0.0000  0.0000  0.0000  0.0000 
 0.2270  0.3000  0.3500  0.3660  0.3890  0.3880  0.4090  0.3410  1.0000  0.3720  0.3210  0.3050  0.2320  0.1350  0.0720  0.0420  0.0290  0.0200  0.0160  0.0130  0.0000  0.0000  0.0000  0.0000  0.0000  0.0000  0.0000  0.0000  0.0000  0.0000  0.0000  0.0000  0.0000 
 0.2310  0.3060  0.3530  0.3690  0.3900  0.3900  0.4180  0.3400  0.3720  1.0000  0.4040  0.3500  0.2710  0.1570  0.0780  0.0440  0.0310  0.0220  0.0180  0.0150  0.0000  0.0000  0.0000  0.0000  0.0000  0.0000  0.0000  0.0000  0.0000  0.0000  0.0000  0.0000  0.0000 
 0.2110  0.2790  0.3250  0.3390  0.3660  0.3750  0.4140  0.3280  0.3210  0.4040  1.0000  0.4830  0.3590  0.1850  0.0880  0.0450  0.0310  0.0220  0.0210  0.0170  0.0000  0.0000  0.0000  0.0000  0.0000  0.0000  0.0000  0.0000  0.0000  0.0000  0.0000  0.0000  0.0000 
 0.2010  0.2650  0.3090  0.3230  0.3500  0.3580  0.3980  0.3150  0.3050  0.3500  0.4830  1.0000  0.4200  0.2050  0.0960  0.0500  0.0320  0.0240  0.0250  0.0210  0.0000  0.0000  0.0000  0.0000  0.0000  0.0000  0.0000  0.0000  0.0000  0.0000  0.0000  0.0000  0.0000 
 0.1560  0.2050  0.2390  0.2490  0.2690  0.2750  0.3090  0.2390  0.2320  0.2710  0.3590  0.4200  1.0000  0.3410  0.0960  0.0480  0.0290  0.0240  0.0300  0.0250  0.0000  0.0000  0.0000  0.0000  0.0000  0.0000  0.0000  0.0000  0.0000  0.0000  0.0000  0.0000  0.0000 
 0.0970  0.1270  0.1470  0.1530  0.1650  0.1680  0.1790  0.1440  0.1350  0.1570  0.1850  0.2050  0.3410  1.0000  0.8760  0.0500  0.0270  0.0260  0.0490  0.0420  0.0000  0.0000  0.0000  0.0000  0.0000  0.0000  0.0000  0.0000  0.0000  0.0000  0.0000  0.0000  0.0000 
 0.0550  0.0710  0.0800  0.0840  0.0890  0.0910  0.0940  0.0790  0.0720  0.0780  0.0880  0.0960  0.0960  0.8760  1.0000  0.0550  0.0220  0.0230  0.0480  0.0410  0.0000  0.0000  0.0000  0.0000  0.0000  0.0000  0.0000  0.0000  0.0000  0.0000  0.0000  0.0000  0.0000 
 0.0360  0.0470  0.0530  0.0540  0.0580  0.0580  0.0570  0.0470  0.0420  0.0440  0.0450  0.0500  0.0480  0.0500  0.0550  1.0000  0.0780  0.0350  0.0840  0.0720  0.0000  0.0000  0.0000  0.0000  0.0000  0.0000  0.0000  0.0000  0.0000  0.0000  0.0000  0.0000  0.0000 
 0.0250  0.0320  0.0360  0.0370  0.0410  0.0410  0.0410  0.0330  0.0290  0.0310  0.0310  0.0320  0.0290  0.0270  0.0220  0.0780  1.0000  0.4480  0.0600  0.0520  0.0000  0.0000  0.0000  0.0000  0.0000  0.0000  0.0000  0.0000  0.0000  0.0000  0.0000  0.0000  0.0000 
 0.0160  0.0210  0.0240  0.0250  0.0280  0.0280  0.0280  0.0230  0.0200  0.0220  0.0220  0.0240  0.0240  0.0260  0.0230  0.0350  0.4480  1.0000  0.0990  0.0520  0.0000  0.0000  0.0000  0.0000  0.0000  0.0000  0.0000  0.0000  0.0000  0.0000  0.0000  0.0000  0.0000 
 0.0130  0.0160  0.0190  0.0200  0.0210  0.0210  0.0220  0.0180  0.0160  0.0180  0.0210  0.0250  0.0300  0.0490  0.0480  0.0840  0.0600  0.0990  1.0000  0.8820  0.0000  0.0000  0.0000  0.0000  0.0000  0.0000  0.0000  0.0000  0.0000  0.0000  0.0000  0.0000  0.0000 
 0.0100  0.0130  0.0150  0.0160  0.0170  0.0170  0.0180  0.0150  0.0130  0.0150  0.0170  0.0210  0.0250  0.0420  0.0410  0.0720  0.0520  0.0520  0.8820  1.0000  0.0000  0.0000  0.0000  0.0000  0.0000  0.0000  0.0000  0.0000  0.0000  0.0000  0.0000  0.0000  0.0000 
 0.0000  0.0000  0.0000  0.0000  0.0000  0.0000  0.0000  0.0000  0.0000  0.0000  0.0000  0.0000  0.0000  0.0000  0.0000  0.0000  0.0000  0.0000  0.0000  0.0000  1.0000  0.9990  0.9990  0.9990  0.9990  0.9990  0.9990  0.9990  0.9990  0.9990  0.9990  0.0000  0.0000 
 0.0000  0.0000  0.0000  0.0000  0.0000  0.0000  0.0000  0.0000  0.0000  0.0000  0.0000  0.0000  0.0000  0.0000  0.0000  0.0000  0.0000  0.0000  0.0000  0.0000  0.9990  1.0000  0.9990  0.9990  0.9990  0.9990  0.9990  0.9990  0.9990  0.9990  0.9990  0.0000  0.0000 
 0.0000  0.0000  0.0000  0.0000  0.0000  0.0000  0.0000  0.0000  0.0000  0.0000  0.0000  0.0000  0.0000  0.0000  0.0000  0.0000  0.0000  0.0000  0.0000  0.0000  0.9990  0.9990  1.0000  0.9990  0.9990  0.9990  0.9990  0.9990  0.9990  0.9990  0.9990  0.0000  0.0000 
 0.0000  0.0000  0.0000  0.0000  0.0000  0.0000  0.0000  0.0000  0.0000  0.0000  0.0000  0.0000  0.0000  0.0000  0.0000  0.0000  0.0000  0.0000  0.0000  0.0000  0.9990  0.9990  0.9990  1.0000  0.9990  0.9990  0.9990  0.9990  0.9990  0.9990  0.9990  0.0000  0.0000 
 0.0000  0.0000  0.0000  0.0000  0.0000  0.0000  0.0000  0.0000  0.0000  0.0000  0.0000  0.0000  0.0000  0.0000  0.0000  0.0000  0.0000  0.0000  0.0000  0.0000  0.9990  0.9990  0.9990  0.9990  1.0000  0.9990  0.9990  0.9990  0.9990  0.9990  0.9990  0.0000  0.0000 
 0.0000  0.0000  0.0000  0.0000  0.0000  0.0000  0.0000  0.0000  0.0000  0.0000  0.0000  0.0000  0.0000  0.0000  0.0000  0.0000  0.0000  0.0000  0.0000  0.0000  0.9990  0.9990  0.9990  0.9990  0.9990  1.0000  0.9990  0.9990  0.9990  0.9990  0.9990  0.0000  0.0000 
 0.0000  0.0000  0.0000  0.0000  0.0000  0.0000  0.0000  0.0000  0.0000  0.0000  0.0000  0.0000  0.0000  0.0000  0.0000  0.0000  0.0000  0.0000  0.0000  0.0000  0.9990  0.9990  0.9990  0.9990  0.9990  0.9990  1.0000  0.9990  0.9990  0.9990  0.9990  0.0000  0.0000 
 0.0000  0.0000  0.0000  0.0000  0.0000  0.0000  0.0000  0.0000  0.0000  0.0000  0.0000  0.0000  0.0000  0.0000  0.0000  0.0000  0.0000  0.0000  0.0000  0.0000  0.9990  0.9990  0.9990  0.9990  0.9990  0.9990  0.9990  1.0000  0.9990  0.9990  0.9990  0.0000  0.0000 
 0.0000  0.0000  0.0000  0.0000  0.0000  0.0000  0.0000  0.0000  0.0000  0.0000  0.0000  0.0000  0.0000  0.0000  0.0000  0.0000  0.0000  0.0000  0.0000  0.0000  0.9990  0.9990  0.9990  0.9990  0.9990  0.9990  0.9990  0.9990  1.0000  0.9990  0.9990  0.0000  0.0000 
 0.0000  0.0000  0.0000  0.0000  0.0000  0.0000  0.0000  0.0000  0.0000  0.0000  0.0000  0.0000  0.0000  0.0000  0.0000  0.0000  0.0000  0.0000  0.0000  0.0000  0.9990  0.9990  0.9990  0.9990  0.9990  0.9990  0.9990  0.9990  0.9990  1.0000  0.9990  0.0000  0.0000 
 0.0000  0.0000  0.0000  0.0000  0.0000  0.0000  0.0000  0.0000  0.0000  0.0000  0.0000  0.0000  0.0000  0.0000  0.0000  0.0000  0.0000  0.0000  0.0000  0.0000  0.9990  0.9990  0.9990  0.9990  0.9990  0.9990  0.9990  0.9990  0.9990  0.9990  1.0000  0.0000  0.0000 
 0.0000  0.0000  0.0000  0.0000  0.0000  0.0000  0.0000  0.0000  0.0000  0.0000  0.0000  0.0000  0.0000  0.0000  0.0000  0.0000  0.0000  0.0000  0.0000  0.0000  0.0000  0.0000  0.0000  0.0000  0.0000  0.0000  0.0000  0.0000  0.0000  0.0000  0.0000  1.0000  0.9990 
 0.0000  0.0000  0.0000  0.0000  0.0000  0.0000  0.0000  0.0000  0.0000  0.0000  0.0000  0.0000  0.0000  0.0000  0.0000  0.0000  0.0000  0.0000  0.0000  0.0000  0.0000  0.0000  0.0000  0.0000  0.0000  0.0000  0.0000  0.0000  0.0000  0.0000  0.0000  0.9990  1.0000 
