 1.0000  0.0590  0.0280  0.2730  0.4550  0.4030  0.2650  0.4130  0.4200  0.4470  0.5680  0.6240  0.5780  0.5760  0.5690  0.4840  0.1980  0.1180  0.1190  0.0580  0.0000 -0.0830 -0.0780  0.0000  0.0000  0.0000  0.0000  0.0000  0.0000  0.0000  0.0000  0.0000  0.0000 
 0.0590  1.0000  0.8210  0.7060  0.7280  0.5960  0.5130 -0.2220 -0.4740 -0.5330 -0.4980 -0.3980 -0.2970 -0.2990 -0.2830 -0.1760  0.0830  0.1400  0.1380  0.1870  0.2350  0.2900  0.2890  0.0000  0.0000  0.0000  0.0000  0.0000  0.0000  0.0000  0.0000  0.0000  0.0000 
 0.0280  0.8210  1.0000  0.9220  0.7530  0.3880  0.3270  0.0510 -0.1740 -0.2200 -0.1880 -0.0960 -0.0640 -0.0630 -0.0610 -0.0540 -0.0220 -0.0110 -0.0120 -0.0070  0.0000  0.0000  0.0000  0.0000  0.0000  0.0000  0.0000  0.0000  0.0000  0.0000  0.0000  0.0000  0.0000 
 0.2730  0.7060  0.9220  1.0000  0.8490  0.4450  0.3440  0.2250  0.0000 -0.0350  0.0150  0.1230  0.1190  0.1180  0.1110  0.0720 -0.0180 -0.0360 -0.0400 -0.0570 -0.0760 -0.1040 -0.1000  0.0000  0.0000  0.0000  0.0000  0.0000  0.0000  0.0000  0.0000  0.0000  0.0000 
 0.4550  0.7280  0.7530  0.8490  1.0000  0.7980  0.6240  0.1690 -0.0960 -0.1630 -0.1010  0.0210  0.0500  0.0490  0.0500  0.0480  0.0360  0.0300  0.0310  0.0290  0.0210  0.0150  0.0150  0.0000  0.0000  0.0000  0.0000  0.0000  0.0000  0.0000  0.0000  0.0000  0.0000 
 0.4030  0.5960  0.3880  0.4450  0.7980  1.0000  0.8550  0.0510 -0.2340 -0.3300 -0.2970 -0.2230 -0.1830 -0.1840 -0.1780 -0.1300  0.0040  0.0370  0.0390  0.0640  0.0970  0.1380  0.1370  0.0000  0.0000  0.0000  0.0000  0.0000  0.0000  0.0000  0.0000  0.0000  0.0000 
 0.2650  0.5130  0.3270  0.3440  0.6240  0.8550  1.0000  0.2700 -0.0570 -0.1800 -0.2290 -0.2780 -0.2840 -0.2830 -0.2780 -0.2390 -0.0730 -0.0280 -0.0290  0.0000  0.0340  0.0880  0.0870  0.0000  0.0000  0.0000  0.0000  0.0000  0.0000  0.0000  0.0000  0.0000  0.0000 
 0.4130 -0.2220  0.0510  0.2250  0.1690  0.0510  0.2700  1.0000  0.8990  0.8210  0.6680  0.5620  0.4020  0.4030  0.3790  0.2220 -0.1390 -0.2200 -0.2220 -0.2820 -0.3440 -0.4190 -0.4160  0.0000  0.0000  0.0000  0.0000  0.0000  0.0000  0.0000  0.0000  0.0000  0.0000 
 0.4200 -0.4740 -0.1740  0.0000 -0.0960 -0.2340 -0.0570  0.8990  1.0000  0.9600  0.8330  0.7310  0.5780  0.5790  0.5510  0.3790 -0.0600 -0.1620 -0.1600 -0.2410 -0.3250 -0.4280 -0.4270  0.0000  0.0000  0.0000  0.0000  0.0000  0.0000  0.0000  0.0000  0.0000  0.0000 
 0.4470 -0.5330 -0.2200 -0.0350 -0.1630 -0.3300 -0.1800  0.8210  0.9600  1.0000  0.9130  0.8300  0.6890  0.6870  0.6660  0.4990  0.0300 -0.0720 -0.0730 -0.1580 -0.2550 -0.3720 -0.3720  0.0000  0.0000  0.0000  0.0000  0.0000  0.0000  0.0000  0.0000  0.0000  0.0000 
 0.5680 -0.4980 -0.1880  0.0150 -0.1010 -0.2970 -0.2290  0.6680  0.8330  0.9130  1.0000  0.9340  0.8070  0.8060  0.7850  0.6180  0.1240  0.0000  0.0000 -0.0880 -0.1910 -0.3300 -0.3250  0.0000  0.0000  0.0000  0.0000  0.0000  0.0000  0.0000  0.0000  0.0000  0.0000 
 0.6240 -0.3980 -0.0960  0.1230  0.0210 -0.2230 -0.2780  0.5620  0.7310  0.8300  0.9340  1.0000  0.9290  0.9310  0.9160  0.7820  0.3100  0.1810  0.1820  0.0780 -0.0240 -0.1700 -0.1710  0.0000  0.0000  0.0000  0.0000  0.0000  0.0000  0.0000  0.0000  0.0000  0.0000 
 0.5780 -0.2970 -0.0640  0.1190  0.0500 -0.1830 -0.2840  0.4020  0.5780  0.6890  0.8070  0.9290  1.0000  0.9880  0.9870  0.9340  0.5830  0.4690  0.4710  0.3730  0.2640  0.1190  0.1190  0.0000  0.0000  0.0000  0.0000  0.0000  0.0000  0.0000  0.0000  0.0000  0.0000 
 0.5760 -0.2990 -0.0630  0.1180  0.0490 -0.1840 -0.2830  0.4030  0.5790  0.6870  0.8060  0.9310  0.9880  1.0000  0.9880  0.9350  0.5830  0.4690  0.4710  0.3690  0.2650  0.1210  0.1210  0.0000  0.0000  0.0000  0.0000  0.0000  0.0000  0.0000  0.0000  0.0000  0.0000 
 0.5690 -0.2830 -0.0610  0.1110  0.0500 -0.1780 -0.2780  0.3790  0.5510  0.6660  0.7850  0.9160  0.9870  0.9880  1.0000  0.9470  0.6180  0.5080  0.5120  0.4170  0.3110  0.1660  0.1670  0.0000  0.0000  0.0000  0.0000  0.0000  0.0000  0.0000  0.0000  0.0000  0.0000 
 0.4840 -0.1760 -0.0540  0.0720  0.0480 -0.1300 -0.2390  0.2220  0.3790  0.4990  0.6180  0.7820  0.9340  0.9350  0.9470  1.0000  0.8060  0.7240  0.7210  0.6480  0.5540  0.4280  0.4270  0.0000  0.0000  0.0000  0.0000  0.0000  0.0000  0.0000  0.0000  0.0000  0.0000 
 0.1980  0.0830 -0.0220 -0.0180  0.0360  0.0040 -0.0730 -0.1390 -0.0600  0.0300  0.1240  0.3100  0.5830  0.5830  0.6180  0.8060  1.0000  0.9770  0.9760  0.9550  0.9200  0.8540  0.8540  0.0000  0.0000  0.0000  0.0000  0.0000  0.0000  0.0000  0.0000  0.0000  0.0000 
 0.1180  0.1400 -0.0110 -0.0360  0.0300  0.0370 -0.0280 -0.2200 -0.1620 -0.0720  0.0000  0.1810  0.4690  0.4690  0.5080  0.7240  0.9770  1.0000  0.9900  0.9810  0.9590  0.9120  0.9120  0.0000  0.0000  0.0000  0.0000  0.0000  0.0000  0.0000  0.0000  0.0000  0.0000 
 0.1190  0.1380 -0.0120 -0.0400  0.0310  0.0390 -0.0290 -0.2220 -0.1600 -0.0730  0.0000  0.1820  0.4710  0.4710  0.5120  0.7210  0.9760  0.9900  1.0000  0.9790  0.9600  0.9110  0.9120  0.0000  0.0000  0.0000  0.0000  0.0000  0.0000  0.0000  0.0000  0.0000  0.0000 
 0.0580  0.1870 -0.0070 -0.0570  0.0290  0.0640  0.0000 -0.2820 -0.2410 -0.1580 -0.0880  0.0780  0.3730  0.3690  0.4170  0.6480  0.9550  0.9810  0.9790  1.0000  0.9790  0.9490  0.9480  0.0000  0.0000  0.0000  0.0000  0.0000  0.0000  0.0000  0.0000  0.0000  0.0000 
 0.0000  0.2350  0.0000 -0.0760  0.0210  0.0970  0.0340 -0.3440 -0.3250 -0.2550 -0.1910 -0.0240  0.2640  0.2650  0.3110  0.5540  0.9200  0.9590  0.9600  0.9790  1.0000  0.9740  0.9760  0.0000  0.0000  0.0000  0.0000  0.0000  0.0000  0.0000  0.0000  0.0000  0.0000 
-0.0830  0.2900  0.0000 -0.1040  0.0150  0.1380  0.0880 -0.4190 -0.4280 -0.3720 -0.3300 -0.1700  0.1190  0.1210  0.1660  0.4280  0.8540  0.9120  0.9110  0.9490  0.9740  1.0000  0.9880  0.0000  0.0000  0.0000  0.0000  0.0000  0.0000  0.0000  0.0000  0.0000  0.0000 
-0.0780  0.2890  0.0000 -0.1000  0.0150  0.1370  0.0870 -0.4160 -0.4270 -0.3720 -0.3250 -0.1710  0.1190  0.1210  0.1670  0.4270  0.8540  0.9120  0.9120  0.9480  0.9760  0.9880  1.0000  0.0000  0.0000  0.0000  0.0000  0.0000  0.0000  0.0000  0.0000  0.0000  0.0000 
 0.0000  0.0000  0.0000  0.0000  0.0000  0.0000  0.0000  0.0000  0.0000  0.0000  0.0000  0.0000  0.0000  0.0000  0.0000  0.0000  0.0000  0.0000  0.0000  0.0000  0.0000  0.0000  0.0000  1.0000  0.9890  0.9900  0.9890  0.9900  0.9870  0.9860  0.9890  0.9840  0.9840 
 0.0000  0.0000  0.0000  0.0000  0.0000  0.0000  0.0000  0.0000  0.0000  0.0000  0.0000  0.0000  0.0000  0.0000  0.0000  0.0000  0.0000  0.0000  0.0000  0.0000  0.0000  0.0000  0.0000  0.9890  1.0000  0.9870  0.9890  0.9880  0.9870  0.9890  0.9860  0.9860  0.9830 
 0.0000  0.0000  0.0000  0.0000  0.0000  0.0000  0.0000  0.0000  0.0000  0.0000  0.0000  0.0000  0.0000  0.0000  0.0000  0.0000  0.0000  0.0000  0.0000  0.0000  0.0000  0.0000  0.0000  0.9900  0.9870  1.0000  0.9880  0.9890  0.9870  0.9890  0.9870  0.9840  0.9850 
 0.0000  0.0000  0.0000  0.0000  0.0000  0.0000  0.0000  0.0000  0.0000  0.0000  0.0000  0.0000  0.0000  0.0000  0.0000  0.0000  0.0000  0.0000  0.0000  0.0000  0.0000  0.0000  0.0000  0.9890  0.9890  0.9880  1.0000  0.9910  0.9880  0.9860  0.9900  0.9870  0.9880 
 0.0000  0.0000  0.0000  0.0000  0.0000  0.0000  0.0000  0.0000  0.0000  0.0000  0.0000  0.0000  0.0000  0.0000  0.0000  0.0000  0.0000  0.0000  0.0000  0.0000  0.0000  0.0000  0.0000  0.9900  0.9880  0.9890  0.9910  1.0000  0.9880  0.9870  0.9900  0.9880  0.9890 
 0.0000  0.0000  0.0000  0.0000  0.0000  0.0000  0.0000  0.0000  0.0000  0.0000  0.0000  0.0000  0.0000  0.0000  0.0000  0.0000  0.0000  0.0000  0.0000  0.0000  0.0000  0.0000  0.0000  0.9870  0.9870  0.9870  0.9880  0.9880  1.0000  0.9910  0.9890  0.9860  0.9880 
 0.0000  0.0000  0.0000  0.0000  0.0000  0.0000  0.0000  0.0000  0.0000  0.0000  0.0000  0.0000  0.0000  0.0000  0.0000  0.0000  0.0000  0.0000  0.0000  0.0000  0.0000  0.0000  0.0000  0.9860  0.9890  0.9890  0.9860  0.9870  0.9910  1.0000  0.9890  0.9890  0.9900 
 0.0000  0.0000  0.0000  0.0000  0.0000  0.0000  0.0000  0.0000  0.0000  0.0000  0.0000  0.0000  0.0000  0.0000  0.0000  0.0000  0.0000  0.0000  0.0000  0.0000  0.0000  0.0000  0.0000  0.9890  0.9860  0.9870  0.9900  0.9900  0.9890  0.9890  1.0000  0.9910  0.9880 
 0.0000  0.0000  0.0000  0.0000  0.0000  0.0000  0.0000  0.0000  0.0000  0.0000  0.0000  0.0000  0.0000  0.0000  0.0000  0.0000  0.0000  0.0000  0.0000  0.0000  0.0000  0.0000  0.0000  0.9840  0.9860  0.9840  0.9870  0.9880  0.9860  0.9890  0.9910  1.0000  0.9890 
 0.0000  0.0000  0.0000  0.0000  0.0000  0.0000  0.0000  0.0000  0.0000  0.0000  0.0000  0.0000  0.0000  0.0000  0.0000  0.0000  0.0000  0.0000  0.0000  0.0000  0.0000  0.0000  0.0000  0.9840  0.9830  0.9850  0.9880  0.9890  0.9880  0.9900  0.9880  0.9890  1.0000 
