 1.0000  0.6670  0.6770  0.7070  0.7270  0.7330  0.6930  0.5300  0.3970  0.3120  0.0040  0.0040  0.0000  0.0000  0.0000  0.0000  0.0000  0.0000  0.0000  0.0000  0.0000  0.0000  0.0000  0.0000  0.0000  0.0000  0.0000  0.0000  0.0000  0.0000  0.0000  0.0000  0.0000 
 0.6670  1.0000  0.8070  0.8040  0.8300  0.8450  0.7930  0.6150  0.4540  0.3570  0.0060  0.0050  0.0000  0.0000  0.0000  0.0000  0.0000  0.0000  0.0000  0.0000  0.0000  0.0000  0.0000  0.0000  0.0000  0.0000  0.0000  0.0000  0.0000  0.0000  0.0000  0.0000  0.0000 
 0.6770  0.8070  1.0000  0.8460  0.8530  0.8650  0.8140  0.6250  0.4640  0.3610  0.0050  0.0080  0.0000  0.0000  0.0000  0.0000  0.0000  0.0000  0.0000  0.0000  0.0000  0.0000  0.0000  0.0000  0.0000  0.0000  0.0000  0.0000  0.0000  0.0000  0.0000  0.0000  0.0000 
 0.7070  0.8040  0.8460  1.0000  0.8990  0.8940  0.8430  0.6510  0.4820  0.3790  0.0110  0.0080  0.0000  0.0000  0.0000  0.0000  0.0000  0.0000  0.0000  0.0000  0.0000  0.0000  0.0000  0.0000  0.0000  0.0000  0.0000  0.0000  0.0000  0.0000  0.0000  0.0000  0.0000 
 0.7270  0.8300  0.8530  0.8990  1.0000  0.9250  0.8670  0.6640  0.4930  0.3870  0.0090  0.0070  0.0000  0.0000  0.0000  0.0000  0.0000  0.0000  0.0000  0.0000  0.0000  0.0000  0.0000  0.0000  0.0000  0.0000  0.0000  0.0000  0.0000  0.0000  0.0000  0.0000  0.0000 
 0.7330  0.8450  0.8650  0.8940  0.9250  1.0000  0.8770  0.6730  0.4950  0.3920  0.0090  0.0050  0.0000  0.0000  0.0000  0.0000  0.0000  0.0000  0.0000  0.0000  0.0000  0.0000  0.0000  0.0000  0.0000  0.0000  0.0000  0.0000  0.0000  0.0000  0.0000  0.0000  0.0000 
 0.6930  0.7930  0.8140  0.8430  0.8670  0.8770  1.0000  0.6430  0.4790  0.3800  0.0090  0.0080  0.0000  0.0000  0.0000  0.0000  0.0000  0.0000  0.0000  0.0000  0.0000  0.0000  0.0010  0.0000  0.0000  0.0000  0.0000  0.0000  0.0000  0.0000  0.0000  0.0000  0.0000 
 0.5300  0.6150  0.6250  0.6510  0.6640  0.6730  0.6430  1.0000  0.3880  0.2970  0.0130  0.0020  0.0000  0.0000  0.0000  0.0000  0.0000  0.0010  0.0000  0.0000  0.0000  0.0020  0.0000  0.0000  0.0000  0.0000  0.0000  0.0000  0.0000  0.0000  0.0000  0.0000  0.0000 
 0.3970  0.4540  0.4640  0.4820  0.4930  0.4950  0.4790  0.3880  1.0000  0.2700  0.0140  0.0020  0.0000  0.0000  0.0000  0.0000  0.0000  0.0000  0.0010  0.0010  0.0000  0.0000  0.0000  0.0000  0.0000  0.0000  0.0000  0.0000  0.0000  0.0000  0.0000  0.0000  0.0000 
 0.3120  0.3570  0.3610  0.3790  0.3870  0.3920  0.3800  0.2970  0.2700  1.0000  0.0140  0.0010  0.0000  0.0000  0.0000  0.0000  0.0000  0.0000  0.0000  0.0000  0.0000  0.0000  0.0000  0.0000  0.0000  0.0000  0.0000  0.0000  0.0000  0.0000  0.0000  0.0000  0.0000 
 0.0040  0.0060  0.0050  0.0110  0.0090  0.0090  0.0090  0.0130  0.0140  0.0140  1.0000  0.9340  0.0290  0.0290  0.0320  0.0330  0.0370  0.0370  0.0380  0.0390  0.0400  0.0380  0.0390  0.0000  0.0000  0.0000  0.0000  0.0000  0.0000  0.0000  0.0000  0.0000  0.0000 
 0.0040  0.0050  0.0080  0.0080  0.0070  0.0050  0.0080  0.0020  0.0020  0.0010  0.9340  1.0000  0.3100  0.3100  0.3110  0.1500  0.1510  0.1530  0.1560  0.1600  0.1590  0.1520  0.1530  0.0000  0.0000  0.0000  0.0000  0.0000  0.0000  0.0000  0.0000  0.0000  0.0000 
 0.0000  0.0000  0.0000  0.0000  0.0000  0.0000  0.0000  0.0000  0.0000  0.0000  0.0290  0.3100  1.0000  0.9990  0.9840  0.3940  0.3940  0.4010  0.4030  0.4150  0.4100  0.3910  0.3950  0.0000  0.0000  0.0000  0.0000  0.0000  0.0000  0.0000  0.0000  0.0000  0.0000 
 0.0000  0.0000  0.0000  0.0000  0.0000  0.0000  0.0000  0.0000  0.0000  0.0000  0.0290  0.3100  0.9990  1.0000  0.9840  0.3940  0.3940  0.4010  0.4030  0.4150  0.4100  0.3910  0.3950  0.0000  0.0000  0.0000  0.0000  0.0000  0.0000  0.0000  0.0000  0.0000  0.0000 
 0.0000  0.0000  0.0000  0.0000  0.0000  0.0000  0.0000  0.0000  0.0000  0.0000  0.0320  0.3110  0.9840  0.9840  1.0000  0.4950  0.4580  0.4610  0.4660  0.4790  0.4730  0.4480  0.4530  0.0000  0.0000  0.0000  0.0000  0.0000  0.0000  0.0000  0.0000  0.0000  0.0000 
 0.0000  0.0000  0.0000  0.0000  0.0000  0.0000  0.0000  0.0000  0.0000  0.0000  0.0330  0.1500  0.3940  0.3940  0.4950  1.0000  0.7300  0.6780  0.6800  0.7000  0.6880  0.6510  0.6580  0.0000  0.0000  0.0000  0.0000  0.0000  0.0000  0.0000  0.0000  0.0000  0.0000 
 0.0000  0.0000  0.0000  0.0000  0.0000  0.0000  0.0000  0.0000  0.0000  0.0000  0.0370  0.1510  0.3940  0.3940  0.4580  0.7300  1.0000  0.7830  0.6880  0.7070  0.6960  0.6570  0.6670  0.0000  0.0000  0.0000  0.0000  0.0000  0.0000  0.0000  0.0000  0.0000  0.0000 
 0.0000  0.0000  0.0000  0.0000  0.0000  0.0000  0.0000  0.0010  0.0000  0.0000  0.0370  0.1530  0.4010  0.4010  0.4610  0.6780  0.7830  1.0000  0.7120  0.7160  0.7040  0.6650  0.6730  0.0000  0.0000  0.0000  0.0000  0.0000  0.0000  0.0000  0.0000  0.0000  0.0000 
 0.0000  0.0000  0.0000  0.0000  0.0000  0.0000  0.0000  0.0000  0.0010  0.0000  0.0380  0.1560  0.4030  0.4030  0.4660  0.6800  0.6880  0.7120  1.0000  0.8720  0.7110  0.6680  0.6770  0.0000  0.0000  0.0000  0.0000  0.0000  0.0000  0.0000  0.0000  0.0000  0.0000 
 0.0000  0.0000  0.0000  0.0000  0.0000  0.0000  0.0000  0.0000  0.0010  0.0000  0.0390  0.1600  0.4150  0.4150  0.4790  0.7000  0.7070  0.7160  0.8720  1.0000  0.7850  0.6910  0.6970  0.0000  0.0000  0.0000  0.0000  0.0000  0.0000  0.0000  0.0000  0.0000  0.0000 
 0.0000  0.0000  0.0000  0.0000  0.0000  0.0000  0.0000  0.0000  0.0000  0.0000  0.0400  0.1590  0.4100  0.4100  0.4730  0.6880  0.6960  0.7040  0.7110  0.7850  1.0000  0.7940  0.6870  0.0000  0.0000  0.0000  0.0000  0.0000  0.0000  0.0000  0.0000  0.0000  0.0000 
 0.0000  0.0000  0.0000  0.0000  0.0000  0.0000  0.0000  0.0020  0.0000  0.0000  0.0380  0.1520  0.3910  0.3910  0.4480  0.6510  0.6570  0.6650  0.6680  0.6910  0.7940  1.0000  0.6640  0.0000  0.0000  0.0000  0.0000  0.0000  0.0000  0.0000  0.0000  0.0000  0.0000 
 0.0000  0.0000  0.0000  0.0000  0.0000  0.0000  0.0010  0.0000  0.0000  0.0000  0.0390  0.1530  0.3950  0.3950  0.4530  0.6580  0.6670  0.6730  0.6770  0.6970  0.6870  0.6640  1.0000  0.0020  0.0000  0.0010  0.0000  0.0010  0.0000  0.0010  0.0020  0.0000  0.0020 
 0.0000  0.0000  0.0000  0.0000  0.0000  0.0000  0.0000  0.0000  0.0000  0.0000  0.0000  0.0000  0.0000  0.0000  0.0000  0.0000  0.0000  0.0000  0.0000  0.0000  0.0000  0.0000  0.0020  1.0000  0.4700  0.6010  0.6430  0.5490  0.4620  0.4720  0.5770  0.3660  0.8110 
 0.0000  0.0000  0.0000  0.0000  0.0000  0.0000  0.0000  0.0000  0.0000  0.0000  0.0000  0.0000  0.0000  0.0000  0.0000  0.0000  0.0000  0.0000  0.0000  0.0000  0.0000  0.0000  0.0000  0.4700  1.0000  0.4250  0.4540  0.3860  0.3240  0.3350  0.4080  0.2590  0.5700 
 0.0000  0.0000  0.0000  0.0000  0.0000  0.0000  0.0000  0.0000  0.0000  0.0000  0.0000  0.0000  0.0000  0.0000  0.0000  0.0000  0.0000  0.0000  0.0000  0.0000  0.0000  0.0000  0.0010  0.6010  0.4250  1.0000  0.5800  0.4940  0.4160  0.4270  0.5190  0.3300  0.7260 
 0.0000  0.0000  0.0000  0.0000  0.0000  0.0000  0.0000  0.0000  0.0000  0.0000  0.0000  0.0000  0.0000  0.0000  0.0000  0.0000  0.0000  0.0000  0.0000  0.0000  0.0000  0.0000  0.0000  0.6430  0.4540  0.5800  1.0000  0.5310  0.4440  0.4580  0.5550  0.3530  0.7800 
 0.0000  0.0000  0.0000  0.0000  0.0000  0.0000  0.0000  0.0000  0.0000  0.0000  0.0000  0.0000  0.0000  0.0000  0.0000  0.0000  0.0000  0.0000  0.0000  0.0000  0.0000  0.0000  0.0010  0.5490  0.3860  0.4940  0.5310  1.0000  0.3850  0.3880  0.4750  0.3000  0.6670 
 0.0000  0.0000  0.0000  0.0000  0.0000  0.0000  0.0000  0.0000  0.0000  0.0000  0.0000  0.0000  0.0000  0.0000  0.0000  0.0000  0.0000  0.0000  0.0000  0.0000  0.0000  0.0000  0.0000  0.4620  0.3240  0.4160  0.4440  0.3850  1.0000  0.3290  0.3990  0.2530  0.5590 
 0.0000  0.0000  0.0000  0.0000  0.0000  0.0000  0.0000  0.0000  0.0000  0.0000  0.0000  0.0000  0.0000  0.0000  0.0000  0.0000  0.0000  0.0000  0.0000  0.0000  0.0000  0.0000  0.0010  0.4720  0.3350  0.4270  0.4580  0.3880  0.3290  1.0000  0.4120  0.2600  0.5730 
 0.0000  0.0000  0.0000  0.0000  0.0000  0.0000  0.0000  0.0000  0.0000  0.0000  0.0000  0.0000  0.0000  0.0000  0.0000  0.0000  0.0000  0.0000  0.0000  0.0000  0.0000  0.0000  0.0020  0.5770  0.4080  0.5190  0.5550  0.4750  0.3990  0.4120  1.0000  0.3380  0.7030 
 0.0000  0.0000  0.0000  0.0000  0.0000  0.0000  0.0000  0.0000  0.0000  0.0000  0.0000  0.0000  0.0000  0.0000  0.0000  0.0000  0.0000  0.0000  0.0000  0.0000  0.0000  0.0000  0.0000  0.3660  0.2590  0.3300  0.3530  0.3000  0.2530  0.2600  0.3380  1.0000  0.4790 
 0.0000  0.0000  0.0000  0.0000  0.0000  0.0000  0.0000  0.0000  0.0000  0.0000  0.0000  0.0000  0.0000  0.0000  0.0000  0.0000  0.0000  0.0000  0.0000  0.0000  0.0000  0.0000  0.0020  0.8110  0.5700  0.7260  0.7800  0.6670  0.5590  0.5730  0.7030  0.4790  1.0000 
