 1.0000  0.5990  0.0020 -0.0110  0.0000  0.0220  0.0270 -0.0410 -0.1320 -0.0930  0.0910  0.1470  0.1480  0.1480  0.1440  0.0670  0.0000 -0.0130 -0.0130 -0.0130 -0.0110  0.0000  0.0000  0.0000  0.0000  0.0000  0.0000  0.0000  0.0000  0.0000  0.0000  0.0000  0.0000 
 0.5990  1.0000  0.6370  0.5420  0.5070  0.1480  0.0950  0.0000 -0.1010 -0.0970  0.0540  0.0950  0.1080  0.1080  0.0990  0.0380  0.0000 -0.0110 -0.0110 -0.0080 -0.0030  0.0000  0.0000  0.0000  0.0000  0.0000  0.0000  0.0000  0.0000  0.0000  0.0000  0.0000  0.0000 
 0.0020  0.6370  1.0000  0.9460  0.2590 -0.3040 -0.2940 -0.0780  0.0180  0.1060  0.0870  0.0530  0.0290  0.0290  0.0280  0.0370  0.0030  0.0000  0.0000  0.0000 -0.0050 -0.0200 -0.0230  0.0000  0.0000  0.0000  0.0000  0.0000  0.0000  0.0000  0.0000  0.0000  0.0000 
-0.0110  0.5420  0.9460  1.0000  0.2270 -0.3460 -0.2890  0.0430  0.2060  0.3050  0.1420  0.0420 -0.0070 -0.0070  0.0000  0.0430  0.0160  0.0090  0.0090  0.0000 -0.0080 -0.0490 -0.0500  0.0000  0.0000  0.0000  0.0000  0.0000  0.0000  0.0000  0.0000  0.0000  0.0000 
 0.0000  0.5070  0.2590  0.2270  1.0000  0.7880  0.7720  0.6420  0.4020  0.2650  0.1120  0.0330  0.0000  0.0000  0.0000  0.0200  0.0000  0.0000  0.0000 -0.0020 -0.0190 -0.0440 -0.0480  0.0000  0.0000  0.0000  0.0000  0.0000  0.0000  0.0000  0.0000  0.0000  0.0000 
 0.0220  0.1480 -0.3040 -0.3460  0.7880  1.0000  0.9520  0.6300  0.2590  0.1000  0.1120  0.0910  0.0820  0.0820  0.0820  0.0510  0.0000 -0.0030 -0.0030 -0.0100 -0.0150 -0.0210 -0.0210  0.0000  0.0000  0.0000  0.0000  0.0000  0.0000  0.0000  0.0000  0.0000  0.0000 
 0.0270  0.0950 -0.2940 -0.2890  0.7720  0.9520  1.0000  0.7610  0.3850  0.2640  0.2350  0.1750  0.1340  0.1340  0.1340  0.1070  0.0080  0.0000  0.0000 -0.0150 -0.0260 -0.0500 -0.0520  0.0000  0.0000  0.0000  0.0000  0.0000  0.0000  0.0000  0.0000  0.0000  0.0000 
-0.0410  0.0000 -0.0780  0.0430  0.6420  0.6300  0.7610  1.0000  0.8310  0.7490  0.3170  0.0930  0.0000  0.0000  0.0150  0.1260  0.0730  0.0590  0.0590  0.0250 -0.0020 -0.0810 -0.0760  0.0000  0.0000  0.0000  0.0000  0.0000  0.0000  0.0000  0.0000  0.0000  0.0000 
-0.1320 -0.1010  0.0180  0.2060  0.4020  0.2590  0.3850  0.8310  1.0000  0.9040  0.1610 -0.1220 -0.2310 -0.2310 -0.2060  0.0040  0.0700  0.0870  0.0870  0.0540  0.0050 -0.0710 -0.0710  0.0000  0.0000  0.0000  0.0000  0.0000  0.0000  0.0000  0.0000  0.0000  0.0000 
-0.0930 -0.0970  0.1060  0.3050  0.2650  0.1000  0.2640  0.7490  0.9040  1.0000  0.4600  0.1660  0.0000  0.0000  0.0140  0.1130  0.0290  0.0030  0.0030 -0.0250 -0.0830 -0.1700 -0.1710  0.0000  0.0000  0.0000  0.0000  0.0000  0.0000  0.0000  0.0000  0.0000  0.0000 
 0.0910  0.0540  0.0870  0.1420  0.1120  0.1120  0.2350  0.3170  0.1610  0.4600  1.0000  0.9240  0.7650  0.7650  0.7440  0.4360 -0.0480 -0.1620 -0.1620 -0.1960 -0.2310 -0.2660 -0.2670  0.0000  0.0000  0.0000  0.0000  0.0000  0.0000  0.0000  0.0000  0.0000  0.0000 
 0.1470  0.0950  0.0530  0.0420  0.0330  0.0910  0.1750  0.0930 -0.1220  0.1660  0.9240  1.0000  0.9060  0.9060  0.8810  0.5500  0.0420 -0.0650 -0.0650 -0.0880 -0.1080 -0.1130 -0.1150  0.0000  0.0000  0.0000  0.0000  0.0000  0.0000  0.0000  0.0000  0.0000  0.0000 
 0.1480  0.1080  0.0290 -0.0070  0.0000  0.0820  0.1340  0.0000 -0.2310  0.0000  0.7650  0.9060  1.0000  0.9990  0.9850  0.7830  0.3660  0.2510  0.2510  0.2370  0.2230  0.2340  0.2310  0.0000  0.0000  0.0000  0.0000  0.0000  0.0000  0.0000  0.0000  0.0000  0.0000 
 0.1480  0.1080  0.0290 -0.0070  0.0000  0.0820  0.1340  0.0000 -0.2310  0.0000  0.7650  0.9060  0.9990  1.0000  0.9850  0.7830  0.3660  0.2510  0.2510  0.2370  0.2230  0.2340  0.2310  0.0000  0.0000  0.0000  0.0000  0.0000  0.0000  0.0000  0.0000  0.0000  0.0000 
 0.1440  0.0990  0.0280  0.0000  0.0000  0.0820  0.1340  0.0150 -0.2060  0.0140  0.7440  0.8810  0.9850  0.9850  1.0000  0.8230  0.4300  0.3200  0.3200  0.3060  0.2890  0.2930  0.2940  0.0000  0.0000  0.0000  0.0000  0.0000  0.0000  0.0000  0.0000  0.0000  0.0000 
 0.0670  0.0380  0.0370  0.0430  0.0200  0.0510  0.1070  0.1260  0.0040  0.1130  0.4360  0.5500  0.7830  0.7830  0.8230  1.0000  0.8350  0.7630  0.7630  0.7510  0.7310  0.7110  0.7100  0.0000  0.0000  0.0000  0.0000  0.0000  0.0000  0.0000  0.0000  0.0000  0.0000 
 0.0000  0.0000  0.0030  0.0160  0.0000  0.0000  0.0080  0.0730  0.0700  0.0290 -0.0480  0.0420  0.3660  0.3660  0.4300  0.8350  1.0000  0.9760  0.9760  0.9720  0.9630  0.9460  0.9460  0.0000  0.0000  0.0000  0.0000  0.0000  0.0000  0.0000  0.0000  0.0000  0.0000 
-0.0130 -0.0110  0.0000  0.0090  0.0000 -0.0030  0.0000  0.0590  0.0870  0.0030 -0.1620 -0.0650  0.2510  0.2510  0.3200  0.7630  0.9760  1.0000  0.9990  0.9840  0.9750  0.9600  0.9640  0.0000  0.0000  0.0000  0.0000  0.0000  0.0000  0.0000  0.0000  0.0000  0.0000 
-0.0130 -0.0110  0.0000  0.0090  0.0000 -0.0030  0.0000  0.0590  0.0870  0.0030 -0.1620 -0.0650  0.2510  0.2510  0.3200  0.7630  0.9760  0.9990  1.0000  0.9840  0.9750  0.9600  0.9640  0.0000  0.0000  0.0000  0.0000  0.0000  0.0000  0.0000  0.0000  0.0000  0.0000 
-0.0130 -0.0080  0.0000  0.0000 -0.0020 -0.0100 -0.0150  0.0250  0.0540 -0.0250 -0.1960 -0.0880  0.2370  0.2370  0.3060  0.7510  0.9720  0.9840  0.9840  1.0000  0.9850  0.9690  0.9680  0.0000  0.0000  0.0000  0.0000  0.0000  0.0000  0.0000  0.0000  0.0000  0.0000 
-0.0110 -0.0030 -0.0050 -0.0080 -0.0190 -0.0150 -0.0260 -0.0020  0.0050 -0.0830 -0.2310 -0.1080  0.2230  0.2230  0.2890  0.7310  0.9630  0.9750  0.9750  0.9850  1.0000  0.9770  0.9810  0.0000  0.0000  0.0000  0.0000  0.0000  0.0000  0.0000  0.0000  0.0000  0.0000 
 0.0000  0.0000 -0.0200 -0.0490 -0.0440 -0.0210 -0.0500 -0.0810 -0.0710 -0.1700 -0.2660 -0.1130  0.2340  0.2340  0.2930  0.7110  0.9460  0.9600  0.9600  0.9690  0.9770  1.0000  0.9870  0.0000  0.0000  0.0000  0.0000  0.0000  0.0000  0.0000  0.0000  0.0000  0.0000 
 0.0000  0.0000 -0.0230 -0.0500 -0.0480 -0.0210 -0.0520 -0.0760 -0.0710 -0.1710 -0.2670 -0.1150  0.2310  0.2310  0.2940  0.7100  0.9460  0.9640  0.9640  0.9680  0.9810  0.9870  1.0000  0.0000  0.0000  0.0000  0.0000  0.0000  0.0000  0.0000  0.0000  0.0000  0.0000 
 0.0000  0.0000  0.0000  0.0000  0.0000  0.0000  0.0000  0.0000  0.0000  0.0000  0.0000  0.0000  0.0000  0.0000  0.0000  0.0000  0.0000  0.0000  0.0000  0.0000  0.0000  0.0000  0.0000  1.0000  0.9590  0.9740  0.9740  0.9510  0.8700  0.9050  0.9770  0.9710  0.9820 
 0.0000  0.0000  0.0000  0.0000  0.0000  0.0000  0.0000  0.0000  0.0000  0.0000  0.0000  0.0000  0.0000  0.0000  0.0000  0.0000  0.0000  0.0000  0.0000  0.0000  0.0000  0.0000  0.0000  0.9590  1.0000  0.9590  0.9560  0.9350  0.8570  0.8900  0.9590  0.9570  0.9610 
 0.0000  0.0000  0.0000  0.0000  0.0000  0.0000  0.0000  0.0000  0.0000  0.0000  0.0000  0.0000  0.0000  0.0000  0.0000  0.0000  0.0000  0.0000  0.0000  0.0000  0.0000  0.0000  0.0000  0.9740  0.9590  1.0000  0.9730  0.9520  0.8740  0.9050  0.9790  0.9740  0.9760 
 0.0000  0.0000  0.0000  0.0000  0.0000  0.0000  0.0000  0.0000  0.0000  0.0000  0.0000  0.0000  0.0000  0.0000  0.0000  0.0000  0.0000  0.0000  0.0000  0.0000  0.0000  0.0000  0.0000  0.9740  0.9560  0.9730  1.0000  0.9460  0.8680  0.9090  0.9770  0.9690  0.9790 
 0.0000  0.0000  0.0000  0.0000  0.0000  0.0000  0.0000  0.0000  0.0000  0.0000  0.0000  0.0000  0.0000  0.0000  0.0000  0.0000  0.0000  0.0000  0.0000  0.0000  0.0000  0.0000  0.0000  0.9510  0.9350  0.9520  0.9460  1.0000  0.8470  0.8790  0.9520  0.9450  0.9560 
 0.0000  0.0000  0.0000  0.0000  0.0000  0.0000  0.0000  0.0000  0.0000  0.0000  0.0000  0.0000  0.0000  0.0000  0.0000  0.0000  0.0000  0.0000  0.0000  0.0000  0.0000  0.0000  0.0000  0.8700  0.8570  0.8740  0.8680  0.8470  1.0000  0.8090  0.8690  0.8710  0.8720 
 0.0000  0.0000  0.0000  0.0000  0.0000  0.0000  0.0000  0.0000  0.0000  0.0000  0.0000  0.0000  0.0000  0.0000  0.0000  0.0000  0.0000  0.0000  0.0000  0.0000  0.0000  0.0000  0.0000  0.9050  0.8900  0.9050  0.9090  0.8790  0.8090  1.0000  0.8980  0.9040  0.9080 
 0.0000  0.0000  0.0000  0.0000  0.0000  0.0000  0.0000  0.0000  0.0000  0.0000  0.0000  0.0000  0.0000  0.0000  0.0000  0.0000  0.0000  0.0000  0.0000  0.0000  0.0000  0.0000  0.0000  0.9770  0.9590  0.9790  0.9770  0.9520  0.8690  0.8980  1.0000  0.9740  0.9780 
 0.0000  0.0000  0.0000  0.0000  0.0000  0.0000  0.0000  0.0000  0.0000  0.0000  0.0000  0.0000  0.0000  0.0000  0.0000  0.0000  0.0000  0.0000  0.0000  0.0000  0.0000  0.0000  0.0000  0.9710  0.9570  0.9740  0.9690  0.9450  0.8710  0.9040  0.9740  1.0000  0.9780 
 0.0000  0.0000  0.0000  0.0000  0.0000  0.0000  0.0000  0.0000  0.0000  0.0000  0.0000  0.0000  0.0000  0.0000  0.0000  0.0000  0.0000  0.0000  0.0000  0.0000  0.0000  0.0000  0.0000  0.9820  0.9610  0.9760  0.9790  0.9560  0.8720  0.9080  0.9780  0.9780  1.0000 
