 1.0000  0.1814  0.0242  0.0221  0.0011  0.0000  0.0000  0.0000  0.0000  0.0000  0.0000  0.0000  0.0000  0.0000  0.0000  0.0000  0.0000  0.0000  0.0000  0.0000  0.0000  0.0000  0.0000  0.0000  0.0000  0.0000  0.0000  0.0000  0.0000  0.0000  0.0000  0.0000  0.0000 
 0.1814  1.0000  0.4211  0.3747  0.0028  0.0000  0.0000  0.0000  0.0000  0.0001  0.0001  0.0001  0.0000  0.0000  0.0000  0.0000  0.0000  0.0000  0.0000  0.0000  0.0000  0.0000  0.0000  0.0000  0.0000  0.0000  0.0000  0.0000  0.0000  0.0000  0.0000  0.0000  0.0000 
 0.0242  0.4211  1.0000  0.5661  0.0038  0.0001  0.0001  0.0001  0.0001  0.0001  0.0001  0.0001  0.0001  0.0001  0.0001  0.0000  0.0000  0.0000  0.0000  0.0000  0.0000  0.0000  0.0000  0.0000  0.0000  0.0000  0.0000  0.0000  0.0000  0.0000  0.0000  0.0000  0.0000 
 0.0221  0.3747  0.5661  1.0000  0.1020  0.0040  0.0029  0.0032  0.0037  0.0044  0.0039  0.0017  0.0018  0.0016  0.0017  0.0012  0.0001  0.0000  0.0000  0.0000  0.0000  0.0000  0.0000  0.0000  0.0000  0.0000  0.0000  0.0000  0.0000  0.0000  0.0000  0.0000  0.0000 
 0.0011  0.0028  0.0038  0.1020  1.0000  0.3040  0.1520  0.1500  0.1620  0.2140  0.1370  0.0740  0.0610  0.0620  0.0630  0.0450  0.0080  0.0000  0.0000  0.0010  0.0010  0.0010  0.0010  0.0010  0.0010  0.0010  0.0010  0.0010  0.0010  0.0010  0.0010  0.0010  0.0010 
 0.0000  0.0000  0.0001  0.0040  0.3040  1.0000  0.6980  0.4620  0.5070  0.6570  0.4400  0.2280  0.1950  0.1990  0.2010  0.1480  0.0400  0.0120  0.0120  0.0080  0.0040  0.0040  0.0040  0.0040  0.0040  0.0040  0.0040  0.0040  0.0040  0.0040  0.0040  0.0040  0.0040 
 0.0000  0.0000  0.0001  0.0029  0.1520  0.6980  1.0000  0.4000  0.4330  0.5670  0.3740  0.2020  0.1710  0.1730  0.1750  0.1280  0.0320  0.0090  0.0090  0.0080  0.0050  0.0050  0.0050  0.0050  0.0050  0.0050  0.0050  0.0050  0.0050  0.0050  0.0050  0.0050  0.0050 
 0.0000  0.0000  0.0001  0.0032  0.1500  0.4620  0.4000  1.0000  0.4460  0.5650  0.3850  0.2130  0.1860  0.1860  0.1870  0.1360  0.0360  0.0120  0.0120  0.0060  0.0040  0.0040  0.0040  0.0040  0.0040  0.0040  0.0040  0.0040  0.0040  0.0040  0.0040  0.0040  0.0040 
 0.0000  0.0000  0.0001  0.0037  0.1620  0.5070  0.4330  0.4460  1.0000  0.6280  0.4460  0.2630  0.2350  0.2360  0.2340  0.1680  0.0430  0.0130  0.0130  0.0080  0.0050  0.0050  0.0050  0.0050  0.0050  0.0050  0.0050  0.0050  0.0050  0.0050  0.0050  0.0050  0.0050 
 0.0000  0.0001  0.0001  0.0044  0.2140  0.6570  0.5670  0.5650  0.6280  1.0000  0.6410  0.4250  0.3870  0.3910  0.3830  0.2710  0.0660  0.0190  0.0190  0.0150  0.0100  0.0100  0.0100  0.0100  0.0100  0.0100  0.0100  0.0100  0.0100  0.0100  0.0100  0.0100  0.0100 
 0.0000  0.0001  0.0001  0.0039  0.1370  0.4400  0.3740  0.3850  0.4460  0.6410  1.0000  0.8660  0.8390  0.8390  0.8080  0.5640  0.1370  0.0420  0.0420  0.0270  0.0180  0.0180  0.0180  0.0180  0.0180  0.0180  0.0180  0.0180  0.0180  0.0180  0.0180  0.0180  0.0180 
 0.0000  0.0001  0.0001  0.0017  0.0740  0.2280  0.2020  0.2130  0.2630  0.4250  0.8660  1.0000  0.9930  0.9880  0.9390  0.6510  0.1590  0.0460  0.0460  0.0340  0.0220  0.0220  0.0220  0.0220  0.0220  0.0220  0.0220  0.0220  0.0220  0.0220  0.0220  0.0220  0.0220 
 0.0000  0.0000  0.0001  0.0018  0.0610  0.1950  0.1710  0.1860  0.2350  0.3870  0.8390  0.9930  1.0000  0.9920  0.9450  0.6630  0.1710  0.0570  0.0570  0.0440  0.0310  0.0310  0.0310  0.0310  0.0310  0.0310  0.0310  0.0310  0.0310  0.0310  0.0310  0.0310  0.0310 
 0.0000  0.0000  0.0001  0.0016  0.0620  0.1990  0.1730  0.1860  0.2360  0.3910  0.8390  0.9880  0.9920  1.0000  0.9620  0.7020  0.2180  0.1040  0.1040  0.0860  0.0680  0.0680  0.0680  0.0680  0.0680  0.0680  0.0680  0.0680  0.0680  0.0680  0.0680  0.0680  0.0680 
 0.0000  0.0000  0.0001  0.0017  0.0630  0.2010  0.1750  0.1870  0.2340  0.3830  0.8080  0.9390  0.9450  0.9620  1.0000  0.8510  0.4280  0.3170  0.3170  0.2790  0.2440  0.2440  0.2440  0.2440  0.2440  0.2440  0.2440  0.2440  0.2440  0.2440  0.2440  0.2440  0.2440 
 0.0000  0.0000  0.0000  0.0012  0.0450  0.1480  0.1280  0.1360  0.1680  0.2710  0.5640  0.6510  0.6630  0.7020  0.8510  1.0000  0.7850  0.7030  0.7030  0.6360  0.5720  0.5720  0.5720  0.5720  0.5720  0.5720  0.5720  0.5720  0.5720  0.5720  0.5720  0.5720  0.5720 
 0.0000  0.0000  0.0000  0.0001  0.0080  0.0400  0.0320  0.0360  0.0430  0.0660  0.1370  0.1590  0.1710  0.2180  0.4280  0.7850  1.0000  0.9860  0.9860  0.9620  0.9260  0.9260  0.9260  0.9260  0.9260  0.9260  0.9260  0.9260  0.9260  0.9260  0.9260  0.9260  0.9260 
 0.0000  0.0000  0.0000  0.0000  0.0000  0.0120  0.0090  0.0120  0.0130  0.0190  0.0420  0.0460  0.0570  0.1040  0.3170  0.7030  0.9860  1.0000  0.9990  0.9800  0.9540  0.9540  0.9540  0.9540  0.9540  0.9540  0.9540  0.9540  0.9540  0.9540  0.9540  0.9540  0.9540 
 0.0000  0.0000  0.0000  0.0000  0.0000  0.0120  0.0090  0.0120  0.0130  0.0190  0.0420  0.0460  0.0570  0.1040  0.3170  0.7030  0.9860  0.9990  1.0000  0.9800  0.9540  0.9540  0.9540  0.9540  0.9540  0.9540  0.9540  0.9540  0.9540  0.9540  0.9540  0.9540  0.9540 
 0.0000  0.0000  0.0000  0.0000  0.0010  0.0080  0.0080  0.0060  0.0080  0.0150  0.0270  0.0340  0.0440  0.0860  0.2790  0.6360  0.9620  0.9800  0.9800  1.0000  0.9860  0.9860  0.9860  0.9860  0.9860  0.9860  0.9860  0.9860  0.9860  0.9860  0.9860  0.9860  0.9860 
 0.0000  0.0000  0.0000  0.0000  0.0010  0.0040  0.0050  0.0040  0.0050  0.0100  0.0180  0.0220  0.0310  0.0680  0.2440  0.5720  0.9260  0.9540  0.9540  0.9860  1.0000  0.9990  0.9990  0.9990  0.9990  0.9990  0.9990  0.9990  0.9990  0.9990  0.9990  0.9990  0.9990 
 0.0000  0.0000  0.0000  0.0000  0.0010  0.0040  0.0050  0.0040  0.0050  0.0100  0.0180  0.0220  0.0310  0.0680  0.2440  0.5720  0.9260  0.9540  0.9540  0.9860  0.9990  1.0000  0.9990  0.9990  0.9990  0.9990  0.9990  0.9990  0.9990  0.9990  0.9990  0.9990  0.9990 
 0.0000  0.0000  0.0000  0.0000  0.0010  0.0040  0.0050  0.0040  0.0050  0.0100  0.0180  0.0220  0.0310  0.0680  0.2440  0.5720  0.9260  0.9540  0.9540  0.9860  0.9990  0.9990  1.0000  0.9990  0.9990  0.9990  0.9990  0.9990  0.9990  0.9990  0.9990  0.9990  0.9990 
 0.0000  0.0000  0.0000  0.0000  0.0010  0.0040  0.0050  0.0040  0.0050  0.0100  0.0180  0.0220  0.0310  0.0680  0.2440  0.5720  0.9260  0.9540  0.9540  0.9860  0.9990  0.9990  0.9990  1.0000  0.9990  0.9990  0.9990  0.9990  0.9990  0.9990  0.9990  0.9990  0.9990 
 0.0000  0.0000  0.0000  0.0000  0.0010  0.0040  0.0050  0.0040  0.0050  0.0100  0.0180  0.0220  0.0310  0.0680  0.2440  0.5720  0.9260  0.9540  0.9540  0.9860  0.9990  0.9990  0.9990  0.9990  1.0000  0.9990  0.9990  0.9990  0.9990  0.9990  0.9990  0.9990  0.9990 
 0.0000  0.0000  0.0000  0.0000  0.0010  0.0040  0.0050  0.0040  0.0050  0.0100  0.0180  0.0220  0.0310  0.0680  0.2440  0.5720  0.9260  0.9540  0.9540  0.9860  0.9990  0.9990  0.9990  0.9990  0.9990  1.0000  0.9990  0.9990  0.9990  0.9990  0.9990  0.9990  0.9990 
 0.0000  0.0000  0.0000  0.0000  0.0010  0.0040  0.0050  0.0040  0.0050  0.0100  0.0180  0.0220  0.0310  0.0680  0.2440  0.5720  0.9260  0.9540  0.9540  0.9860  0.9990  0.9990  0.9990  0.9990  0.9990  0.9990  1.0000  0.9990  0.9990  0.9990  0.9990  0.9990  0.9990 
 0.0000  0.0000  0.0000  0.0000  0.0010  0.0040  0.0050  0.0040  0.0050  0.0100  0.0180  0.0220  0.0310  0.0680  0.2440  0.5720  0.9260  0.9540  0.9540  0.9860  0.9990  0.9990  0.9990  0.9990  0.9990  0.9990  0.9990  1.0000  0.9990  0.9990  0.9990  0.9990  0.9990 
 0.0000  0.0000  0.0000  0.0000  0.0010  0.0040  0.0050  0.0040  0.0050  0.0100  0.0180  0.0220  0.0310  0.0680  0.2440  0.5720  0.9260  0.9540  0.9540  0.9860  0.9990  0.9990  0.9990  0.9990  0.9990  0.9990  0.9990  0.9990  1.0000  0.9990  0.9990  0.9990  0.9990 
 0.0000  0.0000  0.0000  0.0000  0.0010  0.0040  0.0050  0.0040  0.0050  0.0100  0.0180  0.0220  0.0310  0.0680  0.2440  0.5720  0.9260  0.9540  0.9540  0.9860  0.9990  0.9990  0.9990  0.9990  0.9990  0.9990  0.9990  0.9990  0.9990  1.0000  0.9990  0.9990  0.9990 
 0.0000  0.0000  0.0000  0.0000  0.0010  0.0040  0.0050  0.0040  0.0050  0.0100  0.0180  0.0220  0.0310  0.0680  0.2440  0.5720  0.9260  0.9540  0.9540  0.9860  0.9990  0.9990  0.9990  0.9990  0.9990  0.9990  0.9990  0.9990  0.9990  0.9990  1.0000  0.9990  0.9990 
 0.0000  0.0000  0.0000  0.0000  0.0010  0.0040  0.0050  0.0040  0.0050  0.0100  0.0180  0.0220  0.0310  0.0680  0.2440  0.5720  0.9260  0.9540  0.9540  0.9860  0.9990  0.9990  0.9990  0.9990  0.9990  0.9990  0.9990  0.9990  0.9990  0.9990  0.9990  1.0000  0.9990 
 0.0000  0.0000  0.0000  0.0000  0.0010  0.0040  0.0050  0.0040  0.0050  0.0100  0.0180  0.0220  0.0310  0.0680  0.2440  0.5720  0.9260  0.9540  0.9540  0.9860  0.9990  0.9990  0.9990  0.9990  0.9990  0.9990  0.9990  0.9990  0.9990  0.9990  0.9990  0.9990  1.0000 
