 1.0000  0.8600  0.5230  0.4340  0.3810  0.3660  0.0000  0.0000  0.0000  0.0000  0.0000  0.0000  0.0000  0.0000  0.0000  0.0000  0.0000  0.0000  0.0000  0.0000  0.0000  0.0000  0.0000  0.0000  0.0000  0.0000  0.0000  0.0000  0.0000  0.0000  0.0000  0.0000  0.0000 
 0.8600  1.0000  0.8720  0.8180  0.7790  0.7440  0.0000  0.0000  0.0000  0.0000  0.0000  0.0000  0.0000  0.0000  0.0000  0.0000  0.0000  0.0000  0.0000  0.0000  0.0000  0.0000  0.0000  0.0000  0.0000  0.0000  0.0000  0.0000  0.0000  0.0000  0.0000  0.0000  0.0000 
 0.5230  0.8720  1.0000  0.9870  0.9800  0.9340  0.0000  0.0000  0.0000  0.0000  0.0000  0.0000  0.0000  0.0000  0.0000  0.0000  0.0000  0.0000  0.0000  0.0000  0.0000  0.0000  0.0000  0.0000  0.0000  0.0000  0.0000  0.0000  0.0000  0.0000  0.0000  0.0000  0.0000 
 0.4340  0.8180  0.9870  1.0000  0.9920  0.9450  0.0000  0.0000  0.0000  0.0000  0.0000  0.0000  0.0000  0.0000  0.0000  0.0000  0.0000  0.0000  0.0000  0.0000  0.0000  0.0000  0.0000  0.0000  0.0000  0.0000  0.0000  0.0000  0.0000  0.0000  0.0000  0.0000  0.0000 
 0.3810  0.7790  0.9800  0.9920  1.0000  0.9500  0.0000  0.0000  0.0000  0.0000  0.0000  0.0000  0.0000  0.0000  0.0000  0.0000  0.0000  0.0000  0.0000  0.0000  0.0000  0.0000  0.0000  0.0000  0.0000  0.0000  0.0000  0.0000  0.0000  0.0000  0.0000  0.0000  0.0000 
 0.3660  0.7440  0.9340  0.9450  0.9500  1.0000  0.2070  0.1010  0.1320  0.1280  0.1300  0.1250  0.1290  0.1290  0.1290  0.1250  0.0980  0.0050  0.0140  0.1040  0.1200  0.1270  0.1280  0.1290  0.1280  0.1290  0.1290  0.1280  0.1290  0.1280  0.1280  0.1280  0.0100 
 0.0000  0.0000  0.0000  0.0000  0.0000  0.2070  1.0000  0.3540  0.5360  0.5290  0.5400  0.5330  0.5420  0.5410  0.5340  0.5200  0.4010  0.0430  0.1140  0.5020  0.5620  0.5690  0.5710  0.5720  0.5730  0.5730  0.5740  0.5730  0.5730  0.5740  0.5750  0.5740  0.0810 
 0.0000  0.0000  0.0000  0.0000  0.0000  0.1010  0.3540  1.0000  0.8560  0.7660  0.7510  0.7270  0.7410  0.7380  0.7430  0.7480  0.6300  0.0370 -0.1070  0.3540  0.4970  0.5420  0.5610  0.5760  0.5790  0.5810  0.5840  0.5840  0.5860  0.5850  0.5850  0.5850  0.0280 
 0.0000  0.0000  0.0000  0.0000  0.0000  0.1320  0.5360  0.8560  1.0000  0.8240  0.8180  0.8000  0.8100  0.8130  0.8110  0.8070  0.6640  0.0470 -0.0230  0.5010  0.6390  0.6750  0.6910  0.7020  0.7060  0.7070  0.7080  0.7100  0.7100  0.7120  0.7120  0.7110  0.0980 
 0.0000  0.0000  0.0000  0.0000  0.0000  0.1280  0.5290  0.7660  0.8240  1.0000  0.7630  0.7460  0.7610  0.7600  0.7610  0.7530  0.6140  0.0500  0.0100  0.5150  0.6350  0.6660  0.6790  0.6890  0.6900  0.6920  0.6920  0.6930  0.6940  0.6930  0.6940  0.6930  0.1490 
 0.0000  0.0000  0.0000  0.0000  0.0000  0.1300  0.5400  0.7510  0.8180  0.7630  1.0000  0.7500  0.7660  0.7650  0.7650  0.7560  0.6140  0.0540  0.0320  0.5450  0.6600  0.6880  0.7030  0.7090  0.7110  0.7110  0.7130  0.7120  0.7140  0.7140  0.7150  0.7150  0.1910 
 0.0000  0.0000  0.0000  0.0000  0.0000  0.1250  0.5330  0.7270  0.8000  0.7460  0.7500  1.0000  0.7510  0.7520  0.7520  0.7400  0.5990  0.0590  0.0510  0.5520  0.6620  0.6900  0.7020  0.7060  0.7100  0.7080  0.7100  0.7100  0.7120  0.7110  0.7120  0.7110  0.2200 
 0.0000  0.0000  0.0000  0.0000  0.0000  0.1290  0.5420  0.7410  0.8100  0.7610  0.7660  0.7510  1.0000  0.7700  0.7690  0.7610  0.6190  0.0690  0.0660  0.5820  0.6900  0.7160  0.7260  0.7320  0.7320  0.7340  0.7370  0.7340  0.7360  0.7350  0.7350  0.7360  0.2510 
 0.0000  0.0000  0.0000  0.0000  0.0000  0.1290  0.5410  0.7380  0.8130  0.7600  0.7650  0.7520  0.7700  1.0000  0.7720  0.7640  0.6270  0.0820  0.0820  0.5920  0.6970  0.7200  0.7310  0.7350  0.7370  0.7380  0.7380  0.7390  0.7390  0.7410  0.7410  0.7410  0.2600 
 0.0000  0.0000  0.0000  0.0000  0.0000  0.1290  0.5340  0.7430  0.8110  0.7610  0.7650  0.7520  0.7690  0.7720  1.0000  0.7680  0.6470  0.1150  0.1100  0.5990  0.6980  0.7210  0.7300  0.7340  0.7380  0.7360  0.7360  0.7370  0.7390  0.7370  0.7380  0.7380  0.2600 
 0.0000  0.0000  0.0000  0.0000  0.0000  0.1250  0.5200  0.7480  0.8070  0.7530  0.7560  0.7400  0.7610  0.7640  0.7680  1.0000  0.6990  0.2090  0.1760  0.6180  0.6950  0.7110  0.7160  0.7210  0.7200  0.7230  0.7230  0.7240  0.7230  0.7230  0.7230  0.7230  0.2410 
 0.0000  0.0000  0.0000  0.0000  0.0000  0.0980  0.4010  0.6300  0.6640  0.6140  0.6140  0.5990  0.6190  0.6270  0.6470  0.6990  1.0000  0.5880  0.4870  0.6440  0.6170  0.6010  0.5920  0.5870  0.5850  0.5840  0.5850  0.5810  0.5820  0.5820  0.5810  0.5810  0.1850 
 0.0000  0.0000  0.0000  0.0000  0.0000  0.0050  0.0430  0.0370  0.0470  0.0500  0.0540  0.0590  0.0690  0.0820  0.1150  0.2090  0.5880  1.0000  0.9120  0.4930  0.2720  0.2010  0.1630  0.1440  0.1360  0.1320  0.1300  0.1250  0.1250  0.1220  0.1220  0.1230  0.1700 
 0.0000  0.0000  0.0000  0.0000  0.0000  0.0140  0.1140 -0.1070 -0.0230  0.0100  0.0320  0.0510  0.0660  0.0820  0.1100  0.1760  0.4870  0.9120  1.0000  0.6500  0.4160  0.3350  0.2900  0.2650  0.2590  0.2510  0.2470  0.2450  0.2440  0.2420  0.2410  0.2400  0.4600 
 0.0000  0.0000  0.0000  0.0000  0.0000  0.1040  0.5020  0.3540  0.5010  0.5150  0.5450  0.5520  0.5820  0.5920  0.5990  0.6180  0.6440  0.4930  0.6500  1.0000  0.8290  0.7910  0.7690  0.7580  0.7520  0.7510  0.7480  0.7460  0.7450  0.7460  0.7450  0.7450  0.6590 
 0.0000  0.0000  0.0000  0.0000  0.0000  0.1200  0.5620  0.4970  0.6390  0.6350  0.6600  0.6620  0.6900  0.6970  0.6980  0.6950  0.6170  0.2720  0.4160  0.8290  1.0000  0.8280  0.8190  0.8110  0.8100  0.8100  0.8090  0.8080  0.8070  0.8070  0.8070  0.8070  0.5920 
 0.0000  0.0000  0.0000  0.0000  0.0000  0.1270  0.5690  0.5420  0.6750  0.6660  0.6880  0.6900  0.7160  0.7200  0.7210  0.7110  0.6010  0.2010  0.3350  0.7910  0.8280  1.0000  0.8210  0.8180  0.8160  0.8160  0.8150  0.8130  0.8130  0.8120  0.8120  0.8120  0.5560 
 0.0000  0.0000  0.0000  0.0000  0.0000  0.1280  0.5710  0.5610  0.6910  0.6790  0.7030  0.7020  0.7260  0.7310  0.7300  0.7160  0.5920  0.1630  0.2900  0.7690  0.8190  0.8210  1.0000  0.8150  0.8160  0.8130  0.8140  0.8130  0.8140  0.8130  0.8130  0.8130  0.5330 
 0.0000  0.0000  0.0000  0.0000  0.0000  0.1290  0.5720  0.5760  0.7020  0.6890  0.7090  0.7060  0.7320  0.7350  0.7340  0.7210  0.5870  0.1440  0.2650  0.7580  0.8110  0.8180  0.8150  1.0000  0.8130  0.8130  0.8130  0.8110  0.8120  0.8110  0.8110  0.8110  0.5230 
 0.0000  0.0000  0.0000  0.0000  0.0000  0.1280  0.5730  0.5790  0.7060  0.6900  0.7110  0.7100  0.7320  0.7370  0.7380  0.7200  0.5850  0.1360  0.2590  0.7520  0.8100  0.8160  0.8160  0.8130  1.0000  0.8120  0.8120  0.8110  0.8130  0.8110  0.8120  0.8100  0.5160 
 0.0000  0.0000  0.0000  0.0000  0.0000  0.1290  0.5730  0.5810  0.7070  0.6920  0.7110  0.7080  0.7340  0.7380  0.7360  0.7230  0.5840  0.1320  0.2510  0.7510  0.8100  0.8160  0.8130  0.8130  0.8120  1.0000  0.8110  0.8120  0.8110  0.8110  0.8120  0.8110  0.5130 
 0.0000  0.0000  0.0000  0.0000  0.0000  0.1290  0.5740  0.5840  0.7080  0.6920  0.7130  0.7100  0.7370  0.7380  0.7360  0.7230  0.5850  0.1300  0.2470  0.7480  0.8090  0.8150  0.8140  0.8130  0.8120  0.8110  1.0000  0.8110  0.8120  0.8120  0.8110  0.8110  0.5120 
 0.0000  0.0000  0.0000  0.0000  0.0000  0.1280  0.5730  0.5840  0.7100  0.6930  0.7120  0.7100  0.7340  0.7390  0.7370  0.7240  0.5810  0.1250  0.2450  0.7460  0.8080  0.8130  0.8130  0.8110  0.8110  0.8120  0.8110  1.0000  0.8100  0.8110  0.8110  0.8110  0.5100 
 0.0000  0.0000  0.0000  0.0000  0.0000  0.1290  0.5730  0.5860  0.7100  0.6940  0.7140  0.7120  0.7360  0.7390  0.7390  0.7230  0.5820  0.1250  0.2440  0.7450  0.8070  0.8130  0.8140  0.8120  0.8130  0.8110  0.8120  0.8100  1.0000  0.8100  0.8100  0.8100  0.5080 
 0.0000  0.0000  0.0000  0.0000  0.0000  0.1280  0.5740  0.5850  0.7120  0.6930  0.7140  0.7110  0.7350  0.7410  0.7370  0.7230  0.5820  0.1220  0.2420  0.7460  0.8070  0.8120  0.8130  0.8110  0.8110  0.8110  0.8120  0.8110  0.8100  1.0000  0.8120  0.8120  0.5080 
 0.0000  0.0000  0.0000  0.0000  0.0000  0.1280  0.5750  0.5850  0.7120  0.6940  0.7150  0.7120  0.7350  0.7410  0.7380  0.7230  0.5810  0.1220  0.2410  0.7450  0.8070  0.8120  0.8130  0.8110  0.8120  0.8120  0.8110  0.8110  0.8100  0.8120  1.0000  0.8110  0.5070 
 0.0000  0.0000  0.0000  0.0000  0.0000  0.1280  0.5740  0.5850  0.7110  0.6930  0.7150  0.7110  0.7360  0.7410  0.7380  0.7230  0.5810  0.1230  0.2400  0.7450  0.8070  0.8120  0.8130  0.8110  0.8100  0.8110  0.8110  0.8110  0.8100  0.8120  0.8110  1.0000  0.5060 
 0.0000  0.0000  0.0000  0.0000  0.0000  0.0100  0.0810  0.0280  0.0980  0.1490  0.1910  0.2200  0.2510  0.2600  0.2600  0.2410  0.1850  0.1700  0.4600  0.6590  0.5920  0.5560  0.5330  0.5230  0.5160  0.5130  0.5120  0.5100  0.5080  0.5080  0.5070  0.5060  1.0000 
