 1.0000  0.6783  0.2322  0.0125  0.0105  0.0094  0.0000  0.0000  0.0000  0.0000  0.0000  0.0000  0.0000  0.0000  0.0000  0.0000  0.0000  0.0000  0.0000  0.0000  0.0000  0.0000  0.0000  0.0000  0.0000  0.0000  0.0000  0.0000  0.0000  0.0000  0.0000  0.0000  0.0000 
 0.6783  1.0000  0.5154  0.0330  0.0305  0.0290  0.0000  0.0000  0.0000  0.0000  0.0000  0.0000  0.0000  0.0000  0.0000  0.0000  0.0000  0.0000  0.0000  0.0000  0.0000  0.0000  0.0000  0.0000  0.0000  0.0000  0.0000  0.0000  0.0000  0.0000  0.0000  0.0000  0.0000 
 0.2322  0.5154  1.0000  0.6381  0.6121  0.5926  0.0000  0.0000  0.0000  0.0000  0.0000  0.0000  0.0000  0.0000  0.0000  0.0000  0.0000  0.0000  0.0000  0.0000  0.0000  0.0000  0.0000  0.0000  0.0000  0.0000  0.0000  0.0000  0.0000  0.0000  0.0000  0.0000  0.0000 
 0.0125  0.0330  0.6381  1.0000  0.9800  0.9600  0.0000  0.0000  0.0000  0.0000  0.0000  0.0000  0.0000  0.0000  0.0000  0.0000  0.0000  0.0000  0.0000  0.0000  0.0000  0.0000  0.0000  0.0000  0.0000  0.0000  0.0000  0.0000  0.0000  0.0000  0.0000  0.0000  0.0000 
 0.0105  0.0305  0.6121  0.9800  1.0000  0.9880  0.0000  0.0000  0.0000  0.0000  0.0000  0.0000  0.0000  0.0000  0.0000  0.0000  0.0000  0.0000  0.0000  0.0000  0.0000  0.0000  0.0000  0.0000  0.0000  0.0000  0.0000  0.0000  0.0000  0.0000  0.0000  0.0000  0.0000 
 0.0094  0.0290  0.5926  0.9600  0.9880  1.0000  0.0000  0.0010  0.0000  0.0000  0.0000  0.0000  0.0000  0.0000  0.0000  0.0000  0.0000  0.0000  0.0000  0.0000  0.0000  0.0000  0.0000  0.0000  0.0000  0.0000  0.0000  0.0000  0.0000  0.0000  0.0000  0.0000  0.0000 
 0.0000  0.0000  0.0000  0.0000  0.0000  0.0000  1.0000  0.0110  0.0000  0.0000 -0.0170  0.0000  0.0000 -0.0190 -0.0130 -0.0030  0.0000  0.0000  0.0000  0.0000  0.0000  0.0000  0.0000  0.0000  0.0000 -0.0010  0.0000 -0.0010  0.0000  0.0000  0.0000  0.0000  0.0000 
 0.0000  0.0000  0.0000  0.0000  0.0000  0.0010  0.0110  1.0000  0.0170  0.0020  0.1540  0.0000  0.0000  0.0790  0.0570  0.0120  0.0000  0.0000  0.0000  0.0000  0.0020  0.0030  0.0070  0.0060  0.0040  0.0040  0.0050  0.0050  0.0060  0.0060  0.0050  0.0060  0.0060 
 0.0000  0.0000  0.0000  0.0000  0.0000  0.0000  0.0000  0.0170  1.0000  0.0300  0.2280  0.0020  0.0000  0.0340  0.0160  0.0000  0.0000  0.0000  0.0000  0.0000  0.0000  0.0000  0.0000  0.0000  0.0000  0.0000  0.0000  0.0000  0.0000  0.0000  0.0000  0.0000  0.0000 
 0.0000  0.0000  0.0000  0.0000  0.0000  0.0000  0.0000  0.0020  0.0300  1.0000  0.0530  0.0010  0.0000  0.0060  0.0010  0.0000  0.0000  0.0000  0.0000  0.0000  0.0000  0.0000  0.0000  0.0000  0.0000  0.0000  0.0000  0.0000  0.0000  0.0000  0.0000  0.0000  0.0000 
 0.0000  0.0000  0.0000  0.0000  0.0000  0.0000 -0.0170  0.1540  0.2280  0.0530  1.0000  0.6950  0.0110  0.6690  0.5130  0.1410  0.0160  0.0000  0.0150  0.0430  0.0630  0.0730  0.0840  0.0920  0.0940  0.0950  0.1000  0.0990  0.0990  0.1000  0.1010  0.0990  0.0990 
 0.0000  0.0000  0.0000  0.0000  0.0000  0.0000  0.0000  0.0000  0.0020  0.0010  0.6950  1.0000  0.0080  0.1640  0.0590  0.0040  0.0000  0.0000  0.0000  0.0000  0.0000  0.0000  0.0000  0.0000  0.0000  0.0000  0.0000  0.0000  0.0000  0.0000  0.0000  0.0000  0.0000 
 0.0000  0.0000  0.0000  0.0000  0.0000  0.0000  0.0000  0.0000  0.0000  0.0000  0.0110  0.0080  1.0000  0.0090  0.0060  0.0000  0.0000  0.0000  0.0000  0.0000  0.0000  0.0000  0.0000  0.0000  0.0000  0.0000  0.0000  0.0000  0.0000  0.0000  0.0000  0.0000  0.0000 
 0.0000  0.0000  0.0000  0.0000  0.0000  0.0000 -0.0190  0.0790  0.0340  0.0060  0.6690  0.1640  0.0090  1.0000  0.9190  0.3550  0.1970  0.1020  0.1940  0.2470  0.2840  0.3060  0.3250  0.3360  0.3410  0.3440  0.3460  0.3470  0.3490  0.3490  0.3490  0.3490  0.3490 
 0.0000  0.0000  0.0000  0.0000  0.0000  0.0000 -0.0130  0.0570  0.0160  0.0010  0.5130  0.0590  0.0060  0.9190  1.0000  0.5540  0.5200  0.3080  0.5160  0.5700  0.6010  0.6220  0.6370  0.6470  0.6510  0.6530  0.6570  0.6560  0.6560  0.6580  0.6590  0.6590  0.6590 
 0.0000  0.0000  0.0000  0.0000  0.0000  0.0000 -0.0030  0.0120  0.0000  0.0000  0.1410  0.0040  0.0000  0.3550  0.5540  1.0000  0.6460  0.3900  0.6280  0.6570  0.6680  0.6760  0.6780  0.6790  0.6830  0.6830  0.6820  0.6830  0.6830  0.6840  0.6850  0.6840  0.6840 
 0.0000  0.0000  0.0000  0.0000  0.0000  0.0000  0.0000  0.0000  0.0000  0.0000  0.0160  0.0000  0.0000  0.1970  0.5200  0.6460  1.0000  0.5750  0.8360  0.8850  0.8930  0.8970  0.8970  0.8960  0.8970  0.8970  0.8980  0.8950  0.8950  0.8950  0.8970  0.8970  0.8970 
 0.0000  0.0000  0.0000  0.0000  0.0000  0.0000  0.0000  0.0000  0.0000  0.0000  0.0000  0.0000  0.0000  0.1020  0.3080  0.3900  0.5750  1.0000  0.6180  0.6090  0.6020  0.6000  0.5980  0.5970  0.5950  0.5960  0.5950  0.5950  0.5940  0.5930  0.5930  0.5950  0.5950 
 0.0000  0.0000  0.0000  0.0000  0.0000  0.0000  0.0000  0.0000  0.0000  0.0000  0.0150  0.0000  0.0000  0.1940  0.5160  0.6280  0.8360  0.6180  1.0000  0.9880  0.9810  0.9780  0.9740  0.9720  0.9720  0.9720  0.9720  0.9700  0.9700  0.9700  0.9710  0.9690  0.9690 
 0.0000  0.0000  0.0000  0.0000  0.0000  0.0000  0.0000  0.0000  0.0000  0.0000  0.0430  0.0000  0.0000  0.2470  0.5700  0.6570  0.8850  0.6090  0.9880  1.0000  0.9940  0.9920  0.9890  0.9880  0.9890  0.9880  0.9900  0.9870  0.9870  0.9870  0.9870  0.9870  0.9870 
 0.0000  0.0000  0.0000  0.0000  0.0000  0.0000  0.0000  0.0020  0.0000  0.0000  0.0630  0.0000  0.0000  0.2840  0.6010  0.6680  0.8930  0.6020  0.9810  0.9940  1.0000  0.9930  0.9940  0.9920  0.9920  0.9920  0.9920  0.9930  0.9930  0.9910  0.9920  0.9910  0.9910 
 0.0000  0.0000  0.0000  0.0000  0.0000  0.0000  0.0000  0.0030  0.0000  0.0000  0.0730  0.0000  0.0000  0.3060  0.6220  0.6760  0.8970  0.6000  0.9780  0.9920  0.9930  1.0000  0.9940  0.9940  0.9940  0.9940  0.9940  0.9940  0.9930  0.9950  0.9930  0.9930  0.9930 
 0.0000  0.0000  0.0000  0.0000  0.0000  0.0000  0.0000  0.0070  0.0000  0.0000  0.0840  0.0000  0.0000  0.3250  0.6370  0.6780  0.8970  0.5980  0.9740  0.9890  0.9940  0.9940  1.0000  0.9950  0.9950  0.9960  0.9940  0.9950  0.9950  0.9950  0.9940  0.9940  0.9940 
 0.0000  0.0000  0.0000  0.0000  0.0000  0.0000  0.0000  0.0060  0.0000  0.0000  0.0920  0.0000  0.0000  0.3360  0.6470  0.6790  0.8960  0.5970  0.9720  0.9880  0.9920  0.9940  0.9950  1.0000  0.9950  0.9960  0.9940  0.9950  0.9950  0.9940  0.9950  0.9960  0.9960 
 0.0000  0.0000  0.0000  0.0000  0.0000  0.0000  0.0000  0.0040  0.0000  0.0000  0.0940  0.0000  0.0000  0.3410  0.6510  0.6830  0.8970  0.5950  0.9720  0.9890  0.9920  0.9940  0.9950  0.9950  1.0000  0.9950  0.9960  0.9950  0.9950  0.9950  0.9960  0.9960  0.9960 
 0.0000  0.0000  0.0000  0.0000  0.0000  0.0000 -0.0010  0.0040  0.0000  0.0000  0.0950  0.0000  0.0000  0.3440  0.6530  0.6830  0.8970  0.5960  0.9720  0.9880  0.9920  0.9940  0.9960  0.9960  0.9950  1.0000  0.9950  0.9950  0.9950  0.9940  0.9960  0.9950  0.9950 
 0.0000  0.0000  0.0000  0.0000  0.0000  0.0000  0.0000  0.0050  0.0000  0.0000  0.1000  0.0000  0.0000  0.3460  0.6570  0.6820  0.8980  0.5950  0.9720  0.9900  0.9920  0.9940  0.9940  0.9940  0.9960  0.9950  1.0000  0.9950  0.9940  0.9950  0.9950  0.9940  0.9940 
 0.0000  0.0000  0.0000  0.0000  0.0000  0.0000 -0.0010  0.0050  0.0000  0.0000  0.0990  0.0000  0.0000  0.3470  0.6560  0.6830  0.8950  0.5950  0.9700  0.9870  0.9930  0.9940  0.9950  0.9950  0.9950  0.9950  0.9950  1.0000  0.9960  0.9950  0.9940  0.9950  0.9950 
 0.0000  0.0000  0.0000  0.0000  0.0000  0.0000  0.0000  0.0060  0.0000  0.0000  0.0990  0.0000  0.0000  0.3490  0.6560  0.6830  0.8950  0.5940  0.9700  0.9870  0.9930  0.9930  0.9950  0.9950  0.9950  0.9950  0.9940  0.9960  1.0000  0.9940  0.9950  0.9950  0.9950 
 0.0000  0.0000  0.0000  0.0000  0.0000  0.0000  0.0000  0.0060  0.0000  0.0000  0.1000  0.0000  0.0000  0.3490  0.6580  0.6840  0.8950  0.5930  0.9700  0.9870  0.9910  0.9950  0.9950  0.9940  0.9950  0.9940  0.9950  0.9950  0.9940  1.0000  0.9960  0.9950  0.9950 
 0.0000  0.0000  0.0000  0.0000  0.0000  0.0000  0.0000  0.0050  0.0000  0.0000  0.1010  0.0000  0.0000  0.3490  0.6590  0.6850  0.8970  0.5930  0.9710  0.9870  0.9920  0.9930  0.9940  0.9950  0.9960  0.9960  0.9950  0.9940  0.9950  0.9960  1.0000  0.9960  0.9960 
 0.0000  0.0000  0.0000  0.0000  0.0000  0.0000  0.0000  0.0060  0.0000  0.0000  0.0990  0.0000  0.0000  0.3490  0.6590  0.6840  0.8970  0.5950  0.9690  0.9870  0.9910  0.9930  0.9940  0.9960  0.9960  0.9950  0.9940  0.9950  0.9950  0.9950  0.9960  1.0000  1.0000 
 0.0000  0.0000  0.0000  0.0000  0.0000  0.0000  0.0000  0.0060  0.0000  0.0000  0.0990  0.0000  0.0000  0.3490  0.6590  0.6840  0.8970  0.5950  0.9690  0.9870  0.9910  0.9930  0.9940  0.9960  0.9960  0.9950  0.9940  0.9950  0.9950  0.9950  0.9960  1.0000  1.0000 
