 1.0000  0.5590  0.4990  0.4670  0.3840  0.3910  0.5250  0.5940  0.6780  0.6770  0.6770  0.6750 -0.6600 -0.6600 -0.6600 -0.6600 -0.6600 -0.6600 -0.6600 -0.6600 -0.6600 -0.6600 -0.6600 -0.6600 -0.6600 -0.5070  0.0000  0.0000  0.0000  0.0000  0.0000  0.0000  0.0000 
 0.5590  1.0000  0.8980  0.5060  0.1780  0.1580  0.4230  0.5850  0.9220  0.9230  0.9230  0.9370 -0.9670 -0.9670 -0.9670 -0.9670 -0.9670 -0.9670 -0.9670 -0.9670 -0.9670 -0.9670 -0.9670 -0.9670 -0.9670 -0.7430  0.0000  0.0000  0.0000  0.0000  0.0000  0.0000  0.0000 
 0.4990  0.8980  1.0000  0.8180  0.5610  0.5420  0.7450  0.8500  0.9650  0.9650  0.9650  0.9610 -0.9400 -0.9400 -0.9400 -0.9400 -0.9400 -0.9400 -0.9400 -0.9400 -0.9400 -0.9400 -0.9400 -0.9400 -0.9400 -0.7220  0.0000  0.0000  0.0000  0.0000  0.0000  0.0000  0.0000 
 0.4670  0.5060  0.8180  1.0000  0.9340  0.9250  0.9880  0.9870  0.7770  0.7740  0.7740  0.7490 -0.6640 -0.6640 -0.6640 -0.6640 -0.6640 -0.6640 -0.6640 -0.6640 -0.6640 -0.6640 -0.6640 -0.6640 -0.6640 -0.5090  0.0000  0.0000  0.0000  0.0000  0.0000  0.0000  0.0000 
 0.3840  0.1780  0.5610  0.9340  1.0000  0.9990  0.9660  0.9000  0.5260  0.5220  0.5220  0.4870 -0.3770 -0.3770 -0.3770 -0.3770 -0.3770 -0.3770 -0.3770 -0.3770 -0.3770 -0.3770 -0.3770 -0.3770 -0.3770 -0.2900  0.0000  0.0000  0.0000  0.0000  0.0000  0.0000  0.0000 
 0.3910  0.1580  0.5420  0.9250  0.9990  1.0000  0.9610  0.8920  0.5070  0.5030  0.5030  0.4680 -0.3570 -0.3570 -0.3570 -0.3570 -0.3570 -0.3570 -0.3570 -0.3570 -0.3570 -0.3570 -0.3570 -0.3570 -0.3570 -0.2740  0.0000  0.0000  0.0000  0.0000  0.0000  0.0000  0.0000 
 0.5250  0.4230  0.7450  0.9880  0.9660  0.9610  1.0000  0.9820  0.7240  0.7200  0.7200  0.6920 -0.5990 -0.5990 -0.5990 -0.5990 -0.5990 -0.5990 -0.5990 -0.5990 -0.5990 -0.5990 -0.5990 -0.5990 -0.5990 -0.4600  0.0000  0.0000  0.0000  0.0000  0.0000  0.0000  0.0000 
 0.5940  0.5850  0.8500  0.9870  0.9000  0.8920  0.9820  1.0000  0.8410  0.8380  0.8380  0.8160 -0.7390 -0.7390 -0.7390 -0.7390 -0.7390 -0.7390 -0.7390 -0.7390 -0.7390 -0.7390 -0.7390 -0.7390 -0.7390 -0.5670  0.0000  0.0000  0.0000  0.0000  0.0000  0.0000  0.0000 
 0.6780  0.9220  0.9650  0.7770  0.5260  0.5070  0.7240  0.8410  1.0000  1.0000  1.0000  0.9990 -0.9850 -0.9850 -0.9850 -0.9850 -0.9850 -0.9850 -0.9850 -0.9850 -0.9850 -0.9850 -0.9850 -0.9850 -0.9850 -0.7560  0.0000  0.0000  0.0000  0.0000  0.0000  0.0000  0.0000 
 0.6770  0.9230  0.9650  0.7740  0.5220  0.5030  0.7200  0.8380  1.0000  1.0000  1.0000  0.9990 -0.9860 -0.9860 -0.9860 -0.9860 -0.9860 -0.9860 -0.9860 -0.9860 -0.9860 -0.9860 -0.9860 -0.9860 -0.9860 -0.7570  0.0000  0.0000  0.0000  0.0000  0.0000  0.0000  0.0000 
 0.6770  0.9230  0.9650  0.7740  0.5220  0.5030  0.7200  0.8380  1.0000  1.0000  1.0000  0.9990 -0.9860 -0.9860 -0.9860 -0.9860 -0.9860 -0.9860 -0.9860 -0.9860 -0.9860 -0.9860 -0.9860 -0.9860 -0.9860 -0.7570  0.0000  0.0000  0.0000  0.0000  0.0000  0.0000  0.0000 
 0.6750  0.9370  0.9610  0.7490  0.4870  0.4680  0.6920  0.8160  0.9990  0.9990  0.9990  1.0000 -0.9920 -0.9920 -0.9920 -0.9920 -0.9920 -0.9920 -0.9920 -0.9920 -0.9920 -0.9920 -0.9920 -0.9920 -0.9920 -0.7620  0.0000  0.0000  0.0000  0.0000  0.0000  0.0000  0.0000 
-0.6600 -0.9670 -0.9400 -0.6640 -0.3770 -0.3570 -0.5990 -0.7390 -0.9850 -0.9860 -0.9860 -0.9920  1.0000  1.0000  1.0000  1.0000  1.0000  1.0000  1.0000  1.0000  1.0000  1.0000  1.0000  1.0000  1.0000  0.7680  0.0000  0.0000  0.0000  0.0000  0.0000  0.0000  0.0000 
-0.6600 -0.9670 -0.9400 -0.6640 -0.3770 -0.3570 -0.5990 -0.7390 -0.9850 -0.9860 -0.9860 -0.9920  1.0000  1.0000  1.0000  1.0000  1.0000  1.0000  1.0000  1.0000  1.0000  1.0000  1.0000  1.0000  1.0000  0.7680  0.0000  0.0000  0.0000  0.0000  0.0000  0.0000  0.0000 
-0.6600 -0.9670 -0.9400 -0.6640 -0.3770 -0.3570 -0.5990 -0.7390 -0.9850 -0.9860 -0.9860 -0.9920  1.0000  1.0000  1.0000  1.0000  1.0000  1.0000  1.0000  1.0000  1.0000  1.0000  1.0000  1.0000  1.0000  0.7680  0.0000  0.0000  0.0000  0.0000  0.0000  0.0000  0.0000 
-0.6600 -0.9670 -0.9400 -0.6640 -0.3770 -0.3570 -0.5990 -0.7390 -0.9850 -0.9860 -0.9860 -0.9920  1.0000  1.0000  1.0000  1.0000  1.0000  1.0000  1.0000  1.0000  1.0000  1.0000  1.0000  1.0000  1.0000  0.7680  0.0000  0.0000  0.0000  0.0000  0.0000  0.0000  0.0000 
-0.6600 -0.9670 -0.9400 -0.6640 -0.3770 -0.3570 -0.5990 -0.7390 -0.9850 -0.9860 -0.9860 -0.9920  1.0000  1.0000  1.0000  1.0000  1.0000  1.0000  1.0000  1.0000  1.0000  1.0000  1.0000  1.0000  1.0000  0.7680  0.0000  0.0000  0.0000  0.0000  0.0000  0.0000  0.0000 
-0.6600 -0.9670 -0.9400 -0.6640 -0.3770 -0.3570 -0.5990 -0.7390 -0.9850 -0.9860 -0.9860 -0.9920  1.0000  1.0000  1.0000  1.0000  1.0000  1.0000  1.0000  1.0000  1.0000  1.0000  1.0000  1.0000  1.0000  0.7680  0.0000  0.0000  0.0000  0.0000  0.0000  0.0000  0.0000 
-0.6600 -0.9670 -0.9400 -0.6640 -0.3770 -0.3570 -0.5990 -0.7390 -0.9850 -0.9860 -0.9860 -0.9920  1.0000  1.0000  1.0000  1.0000  1.0000  1.0000  1.0000  1.0000  1.0000  1.0000  1.0000  1.0000  1.0000  0.7680  0.0000  0.0000  0.0000  0.0000  0.0000  0.0000  0.0000 
-0.6600 -0.9670 -0.9400 -0.6640 -0.3770 -0.3570 -0.5990 -0.7390 -0.9850 -0.9860 -0.9860 -0.9920  1.0000  1.0000  1.0000  1.0000  1.0000  1.0000  1.0000  1.0000  1.0000  1.0000  1.0000  1.0000  1.0000  0.7680  0.0000  0.0000  0.0000  0.0000  0.0000  0.0000  0.0000 
-0.6600 -0.9670 -0.9400 -0.6640 -0.3770 -0.3570 -0.5990 -0.7390 -0.9850 -0.9860 -0.9860 -0.9920  1.0000  1.0000  1.0000  1.0000  1.0000  1.0000  1.0000  1.0000  1.0000  1.0000  1.0000  1.0000  1.0000  0.7680  0.0000  0.0000  0.0000  0.0000  0.0000  0.0000  0.0000 
-0.6600 -0.9670 -0.9400 -0.6640 -0.3770 -0.3570 -0.5990 -0.7390 -0.9850 -0.9860 -0.9860 -0.9920  1.0000  1.0000  1.0000  1.0000  1.0000  1.0000  1.0000  1.0000  1.0000  1.0000  1.0000  1.0000  1.0000  0.7680  0.0000  0.0000  0.0000  0.0000  0.0000  0.0000  0.0000 
-0.6600 -0.9670 -0.9400 -0.6640 -0.3770 -0.3570 -0.5990 -0.7390 -0.9850 -0.9860 -0.9860 -0.9920  1.0000  1.0000  1.0000  1.0000  1.0000  1.0000  1.0000  1.0000  1.0000  1.0000  1.0000  1.0000  1.0000  0.7680  0.0000  0.0000  0.0000  0.0000  0.0000  0.0000  0.0000 
-0.6600 -0.9670 -0.9400 -0.6640 -0.3770 -0.3570 -0.5990 -0.7390 -0.9850 -0.9860 -0.9860 -0.9920  1.0000  1.0000  1.0000  1.0000  1.0000  1.0000  1.0000  1.0000  1.0000  1.0000  1.0000  1.0000  1.0000  0.7680  0.0000  0.0000  0.0000  0.0000  0.0000  0.0000  0.0000 
-0.6600 -0.9670 -0.9400 -0.6640 -0.3770 -0.3570 -0.5990 -0.7390 -0.9850 -0.9860 -0.9860 -0.9920  1.0000  1.0000  1.0000  1.0000  1.0000  1.0000  1.0000  1.0000  1.0000  1.0000  1.0000  1.0000  1.0000  0.7680  0.0000  0.0000  0.0000  0.0000  0.0000  0.0000  0.0000 
-0.5070 -0.7430 -0.7220 -0.5090 -0.2900 -0.2740 -0.4600 -0.5670 -0.7560 -0.7570 -0.7570 -0.7620  0.7680  0.7680  0.7680  0.7680  0.7680  0.7680  0.7680  0.7680  0.7680  0.7680  0.7680  0.7680  0.7680  1.0000  0.6410  0.6410  0.6410  0.0000  0.0000  0.0000  0.0000 
 0.0000  0.0000  0.0000  0.0000  0.0000  0.0000  0.0000  0.0000  0.0000  0.0000  0.0000  0.0000  0.0000  0.0000  0.0000  0.0000  0.0000  0.0000  0.0000  0.0000  0.0000  0.0000  0.0000  0.0000  0.0000  0.6410  1.0000  1.0000  1.0000  0.0000  0.0000  0.0000  0.0000 
 0.0000  0.0000  0.0000  0.0000  0.0000  0.0000  0.0000  0.0000  0.0000  0.0000  0.0000  0.0000  0.0000  0.0000  0.0000  0.0000  0.0000  0.0000  0.0000  0.0000  0.0000  0.0000  0.0000  0.0000  0.0000  0.6410  1.0000  1.0000  1.0000  0.0000  0.0000  0.0000  0.0000 
 0.0000  0.0000  0.0000  0.0000  0.0000  0.0000  0.0000  0.0000  0.0000  0.0000  0.0000  0.0000  0.0000  0.0000  0.0000  0.0000  0.0000  0.0000  0.0000  0.0000  0.0000  0.0000  0.0000  0.0000  0.0000  0.6410  1.0000  1.0000  1.0000  0.0000  0.0000  0.0000  0.0000 
 0.0000  0.0000  0.0000  0.0000  0.0000  0.0000  0.0000  0.0000  0.0000  0.0000  0.0000  0.0000  0.0000  0.0000  0.0000  0.0000  0.0000  0.0000  0.0000  0.0000  0.0000  0.0000  0.0000  0.0000  0.0000  0.0000  0.0000  0.0000  0.0000  0.0000  0.0000  0.0000  0.0000 
 0.0000  0.0000  0.0000  0.0000  0.0000  0.0000  0.0000  0.0000  0.0000  0.0000  0.0000  0.0000  0.0000  0.0000  0.0000  0.0000  0.0000  0.0000  0.0000  0.0000  0.0000  0.0000  0.0000  0.0000  0.0000  0.0000  0.0000  0.0000  0.0000  0.0000  0.0000  0.0000  0.0000 
 0.0000  0.0000  0.0000  0.0000  0.0000  0.0000  0.0000  0.0000  0.0000  0.0000  0.0000  0.0000  0.0000  0.0000  0.0000  0.0000  0.0000  0.0000  0.0000  0.0000  0.0000  0.0000  0.0000  0.0000  0.0000  0.0000  0.0000  0.0000  0.0000  0.0000  0.0000  0.0000  0.0000 
 0.0000  0.0000  0.0000  0.0000  0.0000  0.0000  0.0000  0.0000  0.0000  0.0000  0.0000  0.0000  0.0000  0.0000  0.0000  0.0000  0.0000  0.0000  0.0000  0.0000  0.0000  0.0000  0.0000  0.0000  0.0000  0.0000  0.0000  0.0000  0.0000  0.0000  0.0000  0.0000  0.0000 
