 1.0000  0.0190  0.0110  0.0000  0.0000  0.0000  0.0000  0.0000  0.0000  0.0000  0.0000  0.0000  0.0000  0.0000  0.0000  0.0000  0.0000  0.0000  0.0000  0.0000  0.0000  0.0000  0.0000  0.0000  0.0000  0.0000  0.0000  0.0000  0.0000  0.0000  0.0000  0.0000  0.0000 
 0.0190  1.0000  0.9480  0.4700  0.1940  0.0900  0.0540  0.0450  0.0420  0.0310  0.0300  0.0280  0.0270  0.0270  0.0270  0.0270  0.0270  0.0270  0.0270  0.0270  0.0270  0.0270  0.0270  0.0270  0.0270  0.0270  0.0270  0.0270  0.0270  0.0270  0.0270  0.0270  0.0270 
 0.0110  0.9480  1.0000  0.7020  0.3880  0.2250  0.1530  0.1360  0.1330  0.1020  0.0980  0.0950  0.0920  0.0920  0.0920  0.0920  0.0920  0.0920  0.0920  0.0920  0.0920  0.0920  0.0920  0.0920  0.0920  0.0920  0.0920  0.0920  0.0920  0.0920  0.0920  0.0920  0.0920 
 0.0000  0.4700  0.7020  1.0000  0.8470  0.6800  0.5370  0.4240  0.3410  0.2520  0.2390  0.2300  0.2230  0.2230  0.2230  0.2230  0.2210  0.2210  0.2210  0.2210  0.2210  0.2210  0.2210  0.2210  0.2210  0.2210  0.2210  0.2210  0.2210  0.2210  0.2210  0.2210  0.2210 
 0.0000  0.1940  0.3880  0.8470  1.0000  0.9190  0.7040  0.4770  0.2890  0.2160  0.1990  0.1880  0.1800  0.1800  0.1800  0.1800  0.1780  0.1780  0.1780  0.1780  0.1780  0.1780  0.1780  0.1780  0.1780  0.1780  0.1780  0.1780  0.1780  0.1780  0.1780  0.1780  0.1780 
 0.0000  0.0900  0.2250  0.6800  0.9190  1.0000  0.8920  0.6750  0.4600  0.4090  0.3820  0.3660  0.3550  0.3550  0.3550  0.3550  0.3540  0.3530  0.3530  0.3530  0.3530  0.3530  0.3530  0.3530  0.3530  0.3530  0.3530  0.3530  0.3530  0.3530  0.3530  0.3530  0.3530 
 0.0000  0.0540  0.1530  0.5370  0.7040  0.8920  1.0000  0.8910  0.6650  0.5520  0.5120  0.4910  0.4810  0.4810  0.4810  0.4810  0.4800  0.4800  0.4800  0.4800  0.4800  0.4800  0.4800  0.4800  0.4800  0.4800  0.4800  0.4800  0.4800  0.4800  0.4800  0.4800  0.4800 
 0.0000  0.0450  0.1360  0.4240  0.4770  0.6750  0.8910  1.0000  0.7720  0.3820  0.3220  0.2940  0.2840  0.2840  0.2840  0.2840  0.2830  0.2830  0.2830  0.2830  0.2830  0.2830  0.2830  0.2830  0.2830  0.2830  0.2830  0.2830  0.2830  0.2830  0.2830  0.2830  0.2830 
 0.0000  0.0420  0.1330  0.3410  0.2890  0.4600  0.6650  0.7720  1.0000  0.4510  0.3770  0.3440  0.3320  0.3320  0.3320  0.3320  0.3320  0.3320  0.3320  0.3320  0.3320  0.3320  0.3320  0.3320  0.3320  0.3320  0.3320  0.3320  0.3320  0.3320  0.3320  0.3320  0.3320 
 0.0000  0.0310  0.1020  0.2520  0.2160  0.4090  0.5520  0.3820  0.4510  1.0000  0.9950  0.9880  0.9840  0.9840  0.9840  0.9840  0.9840  0.9840  0.9840  0.9840  0.9840  0.9840  0.9840  0.9840  0.9840  0.9840  0.9840  0.9840  0.9840  0.9840  0.9840  0.9840  0.9840 
 0.0000  0.0300  0.0980  0.2390  0.1990  0.3820  0.5120  0.3220  0.3770  0.9950  1.0000  0.9990  0.9970  0.9970  0.9970  0.9970  0.9970  0.9970  0.9970  0.9970  0.9970  0.9970  0.9970  0.9970  0.9970  0.9970  0.9970  0.9970  0.9970  0.9970  0.9970  0.9970  0.9970 
 0.0000  0.0280  0.0950  0.2300  0.1880  0.3660  0.4910  0.2940  0.3440  0.9880  0.9990  1.0000  1.0000  1.0000  1.0000  1.0000  0.9990  0.9990  0.9990  0.9990  0.9990  0.9990  0.9990  0.9990  0.9990  0.9990  0.9990  0.9990  0.9990  0.9990  0.9990  0.9990  0.9990 
 0.0000  0.0270  0.0920  0.2230  0.1800  0.3550  0.4810  0.2840  0.3320  0.9840  0.9970  1.0000  1.0000  1.0000  1.0000  1.0000  1.0000  1.0000  1.0000  1.0000  1.0000  1.0000  1.0000  1.0000  1.0000  1.0000  1.0000  1.0000  1.0000  1.0000  1.0000  1.0000  1.0000 
 0.0000  0.0270  0.0920  0.2230  0.1800  0.3550  0.4810  0.2840  0.3320  0.9840  0.9970  1.0000  1.0000  1.0000  1.0000  1.0000  1.0000  1.0000  1.0000  1.0000  1.0000  1.0000  1.0000  1.0000  1.0000  1.0000  1.0000  1.0000  1.0000  1.0000  1.0000  1.0000  1.0000 
 0.0000  0.0270  0.0920  0.2230  0.1800  0.3550  0.4810  0.2840  0.3320  0.9840  0.9970  1.0000  1.0000  1.0000  1.0000  1.0000  1.0000  1.0000  1.0000  1.0000  1.0000  1.0000  1.0000  1.0000  1.0000  1.0000  1.0000  1.0000  1.0000  1.0000  1.0000  1.0000  1.0000 
 0.0000  0.0270  0.0920  0.2230  0.1800  0.3550  0.4810  0.2840  0.3320  0.9840  0.9970  1.0000  1.0000  1.0000  1.0000  1.0000  1.0000  1.0000  1.0000  1.0000  1.0000  1.0000  1.0000  1.0000  1.0000  1.0000  1.0000  1.0000  1.0000  1.0000  1.0000  1.0000  1.0000 
 0.0000  0.0270  0.0920  0.2210  0.1780  0.3540  0.4800  0.2830  0.3320  0.9840  0.9970  0.9990  1.0000  1.0000  1.0000  1.0000  1.0000  1.0000  1.0000  1.0000  1.0000  1.0000  1.0000  1.0000  1.0000  1.0000  1.0000  1.0000  1.0000  1.0000  1.0000  1.0000  1.0000 
 0.0000  0.0270  0.0920  0.2210  0.1780  0.3530  0.4800  0.2830  0.3320  0.9840  0.9970  0.9990  1.0000  1.0000  1.0000  1.0000  1.0000  1.0000  1.0000  1.0000  1.0000  1.0000  1.0000  1.0000  1.0000  1.0000  1.0000  1.0000  1.0000  1.0000  1.0000  1.0000  1.0000 
 0.0000  0.0270  0.0920  0.2210  0.1780  0.3530  0.4800  0.2830  0.3320  0.9840  0.9970  0.9990  1.0000  1.0000  1.0000  1.0000  1.0000  1.0000  1.0000  1.0000  1.0000  1.0000  1.0000  1.0000  1.0000  1.0000  1.0000  1.0000  1.0000  1.0000  1.0000  1.0000  1.0000 
 0.0000  0.0270  0.0920  0.2210  0.1780  0.3530  0.4800  0.2830  0.3320  0.9840  0.9970  0.9990  1.0000  1.0000  1.0000  1.0000  1.0000  1.0000  1.0000  1.0000  1.0000  1.0000  1.0000  1.0000  1.0000  1.0000  1.0000  1.0000  1.0000  1.0000  1.0000  1.0000  1.0000 
 0.0000  0.0270  0.0920  0.2210  0.1780  0.3530  0.4800  0.2830  0.3320  0.9840  0.9970  0.9990  1.0000  1.0000  1.0000  1.0000  1.0000  1.0000  1.0000  1.0000  1.0000  1.0000  1.0000  1.0000  1.0000  1.0000  1.0000  1.0000  1.0000  1.0000  1.0000  1.0000  1.0000 
 0.0000  0.0270  0.0920  0.2210  0.1780  0.3530  0.4800  0.2830  0.3320  0.9840  0.9970  0.9990  1.0000  1.0000  1.0000  1.0000  1.0000  1.0000  1.0000  1.0000  1.0000  1.0000  1.0000  1.0000  1.0000  1.0000  1.0000  1.0000  1.0000  1.0000  1.0000  1.0000  1.0000 
 0.0000  0.0270  0.0920  0.2210  0.1780  0.3530  0.4800  0.2830  0.3320  0.9840  0.9970  0.9990  1.0000  1.0000  1.0000  1.0000  1.0000  1.0000  1.0000  1.0000  1.0000  1.0000  1.0000  1.0000  1.0000  1.0000  1.0000  1.0000  1.0000  1.0000  1.0000  1.0000  1.0000 
 0.0000  0.0270  0.0920  0.2210  0.1780  0.3530  0.4800  0.2830  0.3320  0.9840  0.9970  0.9990  1.0000  1.0000  1.0000  1.0000  1.0000  1.0000  1.0000  1.0000  1.0000  1.0000  1.0000  1.0000  1.0000  1.0000  1.0000  1.0000  1.0000  1.0000  1.0000  1.0000  1.0000 
 0.0000  0.0270  0.0920  0.2210  0.1780  0.3530  0.4800  0.2830  0.3320  0.9840  0.9970  0.9990  1.0000  1.0000  1.0000  1.0000  1.0000  1.0000  1.0000  1.0000  1.0000  1.0000  1.0000  1.0000  1.0000  1.0000  1.0000  1.0000  1.0000  1.0000  1.0000  1.0000  1.0000 
 0.0000  0.0270  0.0920  0.2210  0.1780  0.3530  0.4800  0.2830  0.3320  0.9840  0.9970  0.9990  1.0000  1.0000  1.0000  1.0000  1.0000  1.0000  1.0000  1.0000  1.0000  1.0000  1.0000  1.0000  1.0000  1.0000  1.0000  1.0000  1.0000  1.0000  1.0000  1.0000  1.0000 
 0.0000  0.0270  0.0920  0.2210  0.1780  0.3530  0.4800  0.2830  0.3320  0.9840  0.9970  0.9990  1.0000  1.0000  1.0000  1.0000  1.0000  1.0000  1.0000  1.0000  1.0000  1.0000  1.0000  1.0000  1.0000  1.0000  1.0000  1.0000  1.0000  1.0000  1.0000  1.0000  1.0000 
 0.0000  0.0270  0.0920  0.2210  0.1780  0.3530  0.4800  0.2830  0.3320  0.9840  0.9970  0.9990  1.0000  1.0000  1.0000  1.0000  1.0000  1.0000  1.0000  1.0000  1.0000  1.0000  1.0000  1.0000  1.0000  1.0000  1.0000  1.0000  1.0000  1.0000  1.0000  1.0000  1.0000 
 0.0000  0.0270  0.0920  0.2210  0.1780  0.3530  0.4800  0.2830  0.3320  0.9840  0.9970  0.9990  1.0000  1.0000  1.0000  1.0000  1.0000  1.0000  1.0000  1.0000  1.0000  1.0000  1.0000  1.0000  1.0000  1.0000  1.0000  1.0000  1.0000  1.0000  1.0000  1.0000  1.0000 
 0.0000  0.0270  0.0920  0.2210  0.1780  0.3530  0.4800  0.2830  0.3320  0.9840  0.9970  0.9990  1.0000  1.0000  1.0000  1.0000  1.0000  1.0000  1.0000  1.0000  1.0000  1.0000  1.0000  1.0000  1.0000  1.0000  1.0000  1.0000  1.0000  1.0000  1.0000  1.0000  1.0000 
 0.0000  0.0270  0.0920  0.2210  0.1780  0.3530  0.4800  0.2830  0.3320  0.9840  0.9970  0.9990  1.0000  1.0000  1.0000  1.0000  1.0000  1.0000  1.0000  1.0000  1.0000  1.0000  1.0000  1.0000  1.0000  1.0000  1.0000  1.0000  1.0000  1.0000  1.0000  1.0000  1.0000 
 0.0000  0.0270  0.0920  0.2210  0.1780  0.3530  0.4800  0.2830  0.3320  0.9840  0.9970  0.9990  1.0000  1.0000  1.0000  1.0000  1.0000  1.0000  1.0000  1.0000  1.0000  1.0000  1.0000  1.0000  1.0000  1.0000  1.0000  1.0000  1.0000  1.0000  1.0000  1.0000  1.0000 
 0.0000  0.0270  0.0920  0.2210  0.1780  0.3530  0.4800  0.2830  0.3320  0.9840  0.9970  0.9990  1.0000  1.0000  1.0000  1.0000  1.0000  1.0000  1.0000  1.0000  1.0000  1.0000  1.0000  1.0000  1.0000  1.0000  1.0000  1.0000  1.0000  1.0000  1.0000  1.0000  1.0000 
